144
142
8
178
206
180
105
110
182
126
121
116
5
10
9
151
124
10
151
196
213
236
161
145
208
57
217
202
129
12
260
16
54
135
283
254
272
67
214
82
119
104
54
162
71
276
185
113
71
80
10
15
276
152
85
328
110
244
152
114
192
147
143
93
117
104
137
66
133
56
58
336
22
115
131
20
64
8
65
66
119
176
178
76
75
14
112
51
160
118
41
108
53
109
18
110
108
63
79
110
73
119
27
119
123
32
132
83
249
259
262
266
307
260
289
179
268
188
119
134
294
254
150
255
286
154
258
154
330
252
181
494
446
397
334
359
406
393
413
188
517
329
484
424
459
444
547
433
486
486
438
361
388
412
258
218
218
418
17
14
44
14
68
50
396
391
17
80
13
12
267
223
338
534
453
142
64
470
521
500
556
549
37
418
595
552
576
426
311
463
684
714
252
557
276
462
28
493
299
303
303
7
49
42
584
311
12
316
18
17
328
308
317
5
10
324
643
581
535
14
300
499
415
270
254
14
366
315
324
615
316
406
85
6
409
327
284
352
280
7
356
409
332
338
344
338
462
414
378
51
146
35
55
374
56
24
43
303
63
300
10
449
70
709
813
618
540
625
835
482
1005
631
924
725
781
475
591
805
421
659
592
704
663
632
1270
650
686
614
729
918
656
539
9
11
10
634
18
157
156
159
25
560
884
647
1185
978
89
90
923
1088
977
930
682
91
145
92
687
1148
1100
1147
689
690
797
648
696
690
4
958
662
953
682
701
724
8
688
660
710
660
12
812
15
666
744
690
707
674
13
1165
773
34
506
514
62
524
525
89
527
105
107
533
532
834
842
438
536
98
776
98
775
446
101
1173
443
1124
444
449
445
117
102
110
447
859
143
148
148
170
169
173
173
177
177
183
185
183
184
184
183
185
185
188
191
192
193
1575
193
195
195
195
909
197
13
508
198
509
509
511
507
202
203
512
514
513
511
515
1070
516
379
207
379
210
378
520
516
382
1104
523
525
216
525
527
386
1050
960
529
530
534
534
535
392
385
375
1045
539
515
541
537
383
547
381
404
385
390
550
554
404
1448
1403
552
414
245
1064
1069
1126
561
560
367
889
1069
422
1324
442
574
406
409
578
579
1161
449
581
456
457
282
283
463
283
449
290
296
297
269
274
733
1322
733
305
276
301
736
279
1045
976
307
741
748
742
256
757
1830
294
1846
1276
1241
391
1857
450
453
453
599
1556
217
456
601
1305
1580
392
461
464
1516
621
1977
1389
513
1616
1411
1969
1568
1372
926
1554
1234
1484
631
15
1191
526
243
6
1688
598
256
1466
1
1621
4
2307
2
1138
2422
2061
6
1248
89
1174
6
1186
2
2106
1207
1995
11
12
16
1480
2305
2784
2231
28
2589
2526
2558
2192
2301
2250
4
2395
338
1799
1631
1646
2400
2439
1698
2496
5
1777
1
1871
4
1864
3
2961
5
2734
225
4
1
2
9
50
4
4
5
3
3
96
2
2
105
50
2
2
58
5
2
19
2
7
5
7
5
28
93
3
78
25
1
2
35
4
8
3
83
147
5
65
3
179
6
2
6
47
5
48
5
2
5
5
89
13
163
265
6
7
7
5
127
3
126
146
2
6
4
2
4
4
107
6
4
7
79
9
1
1
60
75
29
83
7
6
6
8
3
5
109
3
4
2
37
3
3
2
2
6
99
4
107
8
50
5
4
3
5
3
4
52
2
6
3
6
80
2
6
3
6
6
6
2
8
4
2
2
74
3
37
3
6
2
6
7
73
5
44
2
90
7
126
87
5
2
165
2
4
6
13
111
149
15
207
9
71
9
5
223
2
2
5
4
172
2
3
8
177
117
2
2
51
4
2
106
6
5
10
172
7
6
7
170
4
4
20
4
5
2
3
3
5
5
194
148
3
101
3
75
9
4
181
5
4
6
8
95
4
4
45
97
103
57
5
2
72
3
7
3
149
2
2
3
5
118
85
47
6
126
3
140
53
225
5
50
2
4
2
4
4
2
112
72
37
47
8
148
11
95
8
5
37
6
158
75
99
4
32
4
97
71
183
3
3
3
7
188
151
202
7
5
4
129
57
12
121
212
2
4
6
8
255
320
5
134
2
5
31
16
131
2
99
2
6
227
359
57
3
1
51
66
14
171
8
198
230
27
262
151
7
7
116
141
5
157
39
6
62
8
114
1
78
56
4
4
3
10
2
111
75
3
4
85
5
109
38
125
315
50
6
4
15
70
18
8
6
48
299
6
98
20
126
154
8
41
5
7
4
317
66
191
56
154
30
5
72
5
67
11
7
109
4
6
12
72
56
5
3
111
89
6
110
5
44
2
53
4
4
4
4
3
5
109
96
42
9
48
8
106
21
221
134
4
18
49
98
132
2
108
57
5
20
6
72
29
20
5
6
151
231
248
3
36
4
5
2
5
7
3
173
4
5
5
5
29
4
6
6
6
183
121
4
165
6
46
80
7
87
152
17
6
12
147
295
221
229
220
5
294
4
32
22
97
4
6
6
116
63
2
77
51
84
5
166
85
108
67
7
42
54
70
6
6
3
106
46
5
3
8
109
5
85
55
30
4
170
7
11
7
193
6
10
371
8
201
5
5
274
112
200
57
84
140
7
97
5
4
111
281
6
110
105
5
114
191
8
170
9
226
6
54
6
5
10
3
16
6
121
28
253
39
289
483
362
312
116
6
49
28
51
3
8
81
124
5
5
8
4
155
77
33
65
56
26
7
3
5
61
56
4
23
5
113
5
3
84
97
3
6
15
100
7
49
32
141
7
5
4
4
72
5
50
3
4
71
6
6
58
4
172
3
6
6
93
49
2
52
4
5
113
150
7
3
152
5
98
3
82
9
64
6
64
6
39
8
23
9
68
7
71
6
109
70
10
161
102
6
8
177
52
69
113
4
6
5
3
5
174
4
6
51
2
7
101
6
7
5
108
7
72
5
143
16
6
6
131
173
4
12
172
38
85
52
80
9
162
200
61
2
93
5
100
3
4
2
4
138
4
5
93
4
35
5
107
5
2
23
49
41
4
136
58
8
6
183
7
188
4
95
4
12
134
8
105
84
122
203
4
4
72
24
44
4
4
5
6
68
2
193
20
199
242
163
5
57
6
6
120
198
48
33
7
95
234
256
130
120
5
4
23
91
90
325
3
2
121
158
170
5
40
116
91
48
3
4
5
8
93
135
7
89
73
5
17
98
406
100
217
50
4
69
67
71
5
6
44
103
24
72
4
8
52
5
6
16
90
4
42
99
6
8
58
13
287
17
19
314
246
249
212
177
177
346
82
266
74
157
5
76
6
52
32
58
85
5
192
113
104
22
49
4
5
4
122
5
115
5
176
55
16
23
145
6
399
151
6
331
6
5
302
236
5
6
5
5
42
248
67
5
3
62
61
4
12
22
154
167
5
269
11
11
402
6
425
4
39
6
79
5
218
161
131
227
6
47
4
4
64
43
36
17
3
5
12
3
3
4
12
118
5
5
210
176
8
5
59
43
4
4
8
103
35
94
165
5
3
92
7
89
5
162
8
206
140
105
69
182
91
4
179
403
6
149
3
4
153
71
59
6
102
77
1
62
6
56
136
5
153
132
15
12
159
194
46
291
4
77
14
1
110
3
13
6
85
5
4
7
264
7
245
251
107
39
5
7
7
150
6
3
185
6
5
107
6
44
6
5
67
196
4
5
47
92
6
2
4
4
53
4
4
5
5
67
3
28
9
79
5
98
75
50
218
61
145
12
82
135
7
92
35
6
190
4
30
5
115
7
100
67
6
3
59
122
110
5
57
5
170
89
115
123
66
7
31
10
135
135
51
20
6
5
3
156
47
57
38
72
46
13
88
6
287
5
4
5
5
160
113
70
5
5
9
274
291
29
327
242
286
307
152
130
114
7
7
54
46
5
4
34
37
5
5
26
29
5
167
3
2
5
8
83
203
5
45
7
196
6
189
186
143
115
53
69
137
3
4
7
100
190
29
7
17
3
22
202
84
6
8
6
5
57
6
44
3
3
109
6
112
10
165
91
5
6
5
176
4
6
25
4
3
56
86
39
21
5
121
16
116
72
114
302
5
8
6
76
7
17
113
107
10
110
32
6
5
120
69
35
68
452
504
29
409
167
12
2
58
402
5
19
8
5
34
14
145
143
234
56
6
103
118
5
41
67
5
6
55
141
5
6
8
199
56
11
180
222
172
132
45
357
294
260
2
5
6
619
98
19
4
70
12
16
317
352
8
73
7
110
5
5
7
153
33
27
211
7
134
6
60
59
75
6
5
6
131
5
152
3
5
60
6
5
7
86
46
8
28
4
123
233
151
88
287
320
4
6
51
6
2
101
28
19
55
122
40
71
58
62
9
193
99
104
7
76
6
144
2
157
101
7
8
20
122
235
348
228
3
2
7
4
36
26
102
103
104
5
210
75
160
164
114
81
126
5
95
2
5
4
5
6
162
19
15
144
208
43
240
65
7
110
9
8
219
171
5
6
171
214
5
4
4
28
25
4
53
3
4
59
54
4
6
130
159
4
4
84
81
4
8
48
116
78
74
4
3
9
4
156
10
26
248
211
86
229
97
5
3
5
4
166
26
3
84
147
188
5
182
42
5
57
116
7
3
55
62
4
6
80
4
5
5
4
6
86
157
6
4
4
2
68
2
71
8
98
73
40
47
5
155
16
166
25
3
115
3
5
4
62
16
63
111
17
4
133
3
75
136
202
259
195
86
11
6
5
224
372
102
4
102
66
84
155
4
4
53
253
207
70
4
26
327
65
4
4
4
2
4
93
6
3
2
4
68
23
4
4
6
248
2
46
3
6
40
5
184
7
217
71
18
6
6
248
5
3
8
90
152
15
5
39
11
117
3
5
149
4
52
59
112
14
10
64
16
111
6
52
80
3
3
3
84
90
5
43
10
6
67
5
168
164
62
155
184
50
83
93
170
51
223
7
154
7
4
2
177
75
5
3
5
4
7
98
63
5
197
108
27
62
125
50
4
5
5
5
5
4
142
47
16
2
92
5
4
60
71
124
7
8
6
204
174
4
150
106
7
5
3
6
8
183
202
5
5
314
47
3
32
7
57
27
5
185
39
22
157
9
133
25
12
388
13
434
191
392
327
430
12
529
51
39
6
119
8
10
5
291
234
6
2
6
64
92
4
7
250
6
203
205
66
190
68
16
98
6
173
128
56
5
6
5
5
91
207
6
4
183
64
177
201
8
87
179
6
181
235
110
151
6
88
5
51
27
41
112
136
12
256
312
76
5
19
153
5
157
133
8
11
12
39
177
44
140
35
174
95
289
224
27
3
4
6
5
70
63
152
9
248
192
6
6
5
6
283
21
6
4
11
13
76
59
253
152
223
286
4
3
5
67
5
162
5
5
94
4
58
5
32
66
3
159
197
73
57
146
64
61
50
4
72
3
6
4
4
29
28
2
13
130
18
5
4
4
62
173
63
5
54
4
5
5
9
126
69
7
214
196
55
57
69
68
90
4
47
4
6
7
9
43
6
210
190
4
17
131
205
89
137
3
236
88
154
9
206
126
77
17
15
7
5
53
87
4
8
79
41
365
212
79
196
59
3
53
64
5
5
4
8
97
125
9
163
4
3
177
4
31
14
5
5
193
7
8
98
141
126
5
9
16
11
2
206
4
1
5
37
81
87
7
145
324
3
14
179
159
4
205
4
11
57
4
52
10
6
8
109
107
2
5
8
87
65
4
77
4
5
76
196
39
4
79
3
124
181
5
2
66
63
139
58
105
5
265
9
17
23
174
112
122
360
14
225
248
46
125
346
108
18
22
44
761
396
648
649
296
8
649
922
731
265
4
264
20
27
17
22
299
281
195
61
40
13
7
186
131
5
9
21
16
29
46
114
66
4
144
108
5
4
93
10
96
227
24
5
185
5
197
43
147
4
5
103
19
28
181
97
207
4
123
16
58
35
3
47
27
13
102
12
20
42
165
9
109
74
122
5
61
3
189
23
76
11
215
6
73
7
42
213
6
38
235
250
201
20
10
2
5
160
50
50
4
55
5
5
96
5
4
5
81
149
96
6
47
5
9
38
191
4
99
40
3
17
95
3
3
59
7
110
170
4
35
102
92
23
5
35
7
149
5
5
4
55
18
5
149
43
188
260
285
640
30
28
607
296
283
732
702
403
11
672
6
6
135
5
34
18
229
6
4
116
5
57
3
4
2
4
4
197
4
203
86
186
133
59
5
6
6
4
135
80
219
99
22
412
335
172
374
565
46
5
68
3
271
155
37
4
6
44
6
176
241
166
15
12
20
261
366
158
166
583
25
27
32
155
367
133
192
83
95
437
3
7
5
9
405
7
231
4
4
8
75
35
275
170
287
4
5
4
172
52
166
6
71
132
75
138
41
184
8
5
4
23
3
5
124
26
34
236
179
19
191
193
130
2
13
9
5
19
16
6
223
107
399
274
422
390
142
10
667
12
7
335
8
528
95
221
4
57
156
3
5
22
3
3
6
138
103
5
16
33
12
159
210
122
47
48
109
81
180
280
217
24
23
22
21
48
148
186
39
560
80
599
4
30
37
351
145
262
6
211
84
137
7
134
2
7
2
182
9
158
3
76
10
190
9
320
188
255
240
252
365
48
232
117
120
5
476
175
72
4
200
104
30
16
181
84
41
167
171
38
152
77
5
113
27
11
2
65
205
53
119
4
217
51
60
108
4
6
14
119
102
195
5
6
90
4
142
3
104
4
3
171
5
4
5
4
4
5
6
60
149
71
64
68
14
339
6
129
6
206
62
6
95
5
370
5
67
4
4
7
63
6
63
7
40
9
7
175
147
112
23
27
105
6
41
51
227
317
221
236
5
10
51
19
7
453
370
12
390
479
70
113
65
80
52
4
9
122
84
6
5
5
59
7
5
90
241
231
6
50
128
6
3
3
8
6
7
36
5
47
6
37
117
4
4
60
67
5
55
97
4
5
5
163
45
8
10
91
46
15
11
78
172
280
2
84
199
8
387
609
38
40
226
102
295
352
17
73
8
5
15
22
188
25
248
324
21
183
327
15
57
87
258
281
17
507
385
217
67
106
6
110
441
11
29
220
134
11
8
262
314
181
4
338
225
26
5
5
115
3
148
5
9
98
74
63
180
2
172
5
158
9
116
4
6
5
6
4
5
131
261
7
158
72
73
72
4
6
5
9
130
97
18
136
31
191
325
22
39
11
452
62
121
582
19
190
716
711
326
716
816
158
16
205
231
297
218
53
15
554
8
55
42
63
552
499
14
13
424
131
5
537
794
600
480
24
32
611
772
144
590
5
5
3
5
24
94
150
160
13
95
103
4
2
29
12
174
171
28
369
254
6
17
315
182
85
290
222
184
30
362
460
32
9
11
3
239
5
286
12
220
782
66
119
20
105
114
408
177
288
826
501
29
493
368
630
55
46
4
79
2
31
5
4
6
32
196
117
191
33
14
115
85
21
65
8
195
3
84
76
148
18
11
46
23
10
249
16
62
10
164
444
399
329
21
4
5
51
88
4
4
64
120
14
57
158
67
4
27
82
8
114
106
4
18
5
121
3
3
47
10
6
43
177
165
4
4
4
5
3
4
6
26
7
34
102
99
69
75
30
6
113
23
237
2
13
66
236
17
84
4
49
85
15
49
3
57
8
13
8
84
195
162
291
272
7
16
239
363
141
427
52
18
14
269
529
3
90
4
4
4
166
6
79
68
9
11
111
4
108
56
98
7
8
4
68
144
8
11
197
7
8
6
191
3
22
168
222
4
38
166
3
36
29
297
12
53
233
354
43
329
23
157
165
282
52
26
17
9
44
365
16
520
585
222
23
17
60
553
478
128
41
41
58
195
23
444
210
460
12
17
645
40
411
601
24
46
720
7
864
479
10
89
575
246
879
319
374
200
747
13
893
665
21
1416
300
312
888
3
106
87
391
4
51
4
5
5
5
27
114
397
241
178
6
484
420
46
285
356
21
6
522
259
191
15
540
291
327
159
212
166
10
12
71
69
78
126
7
30
224
6
98
186
91
3
76
7
7
58
5
4
4
5
63
51
19
9
6
255
48
4
58
4
5
27
124
57
24
45
6
270
186
36
86
137
8
9
192
117
89
174
69
14
2
21
206
156
116
448
22
199
49
81
6
3
52
106
57
4
50
63
106
80
116
10
111
5
49
20
195
124
3
5
138
5
148
48
53
27
6
4
88
169
4
6
5
166
21
6
82
68
10
123
182
241
22
11
240
244
6
20
12
316
2
58
34
194
4
96
50
309
34
308
139
352
129
21
69
12
14
79
673
698
14
647
598
603
369
110
3
94
697
733
3
5
83
42
40
4
5
62
16
5
38
2
59
61
86
9
5
31
158
22
153
300
228
122
48
19
3
294
48
266
85
4
345
11
572
24
202
235
8
327
211
6
13
320
130
116
236
5
104
6
4
40
376
210
150
6
161
125
309
28
5
66
370
5
7
130
207
230
15
403
33
5
156
11
693
151
51
7
20
4
6
228
274
105
87
48
384
50
531
45
416
83
54
51
588
21
337
303
688
299
98
934
1336
803
431
1039
60
21
895
502
337
17
10
657
706
485
1037
430
520
55
19
264
369
39
787
1041
268
187
492
9
50
508
30
566
5
1000
56
44
436
479
11
1637
368
226
41
13
471
1
1596
211
18
4
588
225
6
7
2
6
4
178
79
44
74
3
33
143
115
143
4
3
7
4
60
29
9
189
210
12
19
2
2
153
215
5
4
3
3
77
62
7
9
11
216
22
29
38
208
213
385
15
23
298
133
20
18
284
199
2
245
230
224
124
85
6
7
8
247
17
303
11
77
117
50
35
64
2
5
20
91
70
6
3
8
166
3
52
8
87
21
18
183
121
145
5
5
382
50
33
44
183
561
176
237
24
5
55
4
269
19
5
5
20
5
5
83
55
6
95
5
30
6
87
84
14
197
14
168
70
69
54
68
7
42
142
3
15
14
181
142
15
72
20
6
102
4
99
6
6
5
218
212
6
6
97
3
155
7
8
31
58
181
42
43
286
9
329
261
6
70
9
36
3
229
5
218
21
37
9
135
218
275
56
16
135
58
468
44
42
82
53
252
75
647
941
26
611
736
108
738
370
68
71
980
1099
28
426
296
12
448
667
47
833
9
25
293
250
593
710
130
31
41
7
11
205
278
332
275
57
4
4
47
5
46
3
20
6
47
154
7
85
125
16
134
28
224
304
357
5
37
154
4
4
5
9
54
16
2
5
49
5
4
44
4
7
15
84
12
275
9
203
31
106
4
5
6
104
14
8
136
70
5
4
3
5
85
5
36
60
6
34
50
120
9
125
199
66
4
100
3
74
7
211
18
30
206
184
305
261
33
17
288
290
290
38
16
168
100
53
31
87
46
620
33
48
669
10
84
88
44
41
425
528
256
677
374
250
484
366
194
57
128
61
167
5
4
3
59
4
7
41
209
73
3
29
47
12
237
233
114
5
195
4
4
7
88
6
5
6
46
30
97
4
82
63
38
56
24
27
238
327
298
9
5
11
47
319
356
59
12
103
15
198
9
63
166
6
93
186
6
143
6
10
76
5
218
7
8
77
94
21
63
5
4
2
73
171
4
4
8
139
217
6
198
5
143
10
3
9
65
49
89
4
161
228
205
5
237
117
5
4
2
4
8
81
5
158
4
4
49
5
5
5
5
78
87
82
33
227
90
9
189
146
20
3
22
13
161
18
12
27
37
29
45
232
55
168
153
48
50
201
220
10
142
172
99
5
9
17
45
339
289
255
44
131
440
34
51
209
223
15
503
30
154
15
175
28
453
12
7
628
24
71
493
312
174
347
4
16
9
13
19
24
105
5
52
34
18
158
10
371
105
157
164
411
623
261
21
30
28
513
10
255
2
33
18
463
124
102
87
822
147
58
11
854
76
81
110
114
39
44
770
642
281
660
739
882
509
277
93
11
17
6
258
305
654
1610
662
618
423
804
641
343
1314
98
47
210
675
547
3
193
5
30
4
9
12
3
2
21
11
128
7
5
8
245
237
4
6
6
104
173
153
38
3
6
260
237
167
10
422
135
386
54
87
2
28
47
365
236
175
12
509
201
33
14
475
206
321
583
327
127
77
328
15
180
112
9
67
53
4
152
56
4
52
182
3
5
5
5
26
24
142
153
175
168
50
28
15
90
288
293
244
141
181
51
400
162
243
205
221
454
277
20
395
318
7
335
43
27
510
16
559
175
532
19
22
84
119
283
3
2
5
28
7
106
121
16
43
227
209
20
53
17
446
46
16
526
212
46
11
22
549
496
172
6
734
937
519
406
42
27
340
590
188
206
11
15
60
12
485
192
525
148
104
3
150
181
628
67
54
5
72
5
4
4
65
3
4
4
51
52
5
5
4
4
9
11
6
6
73
182
63
224
3
3
4
5
3
32
68
9
135
42
30
71
107
111
48
5
87
259
275
111
411
29
5
6
7
56
3
10
11
14
16
9
73
171
51
5
52
170
37
5
117
13
123
29
120
286
17
46
323
388
24
6
225
54
466
62
613
173
2
283
260
100
35
118
37
260
183
201
429
10
20
72
488
31
331
13
17
272
348
502
209
712
25
23
106
39
72
99
54
25
433
16
398
11
315
330
224
13
58
253
247
220
29
56
812
284
247
526
63
197
30
43
6
467
772
68
292
125
38
25
105
125
193
5
2
2
3
3
9
7
5
5
10
91
120
120
90
12
25
5
312
92
153
351
341
9
35
22
175
155
226
5
5
3
99
4
16
7
112
52
128
4
5
4
4
101
42
53
67
106
5
36
6
23
231
307
212
267
98
5
77
451
264
21
365
13
218
156
228
13
13
18
12
25
114
115
217
390
13
52
23
264
431
19
15
249
376
106
29
151
225
53
266
18
11
5
20
97
339
373
468
464
6
201
186
396
34
20
6
449
85
186
137
336
303
91
19
73
79
44
152
220
249
300
13
194
28
6
10
88
94
4
5
212
299
5
6
170
4
112
4
18
110
32
44
11
40
6
179
156
7
361
29
340
443
415
12
32
27
22
442
27
32
13
108
27
358
20
22
3
325
25
19
521
338
475
398
319
10
503
495
24
430
144
24
479
281
177
11
5
34
664
23
928
33
115
8
707
80
549
661
578
36
333
74
782
365
832
57
489
37
627
539
290
847
212
997
463
321
338
383
3
14
107
122
324
342
268
436
272
30
300
491
624
19
389
624
34
348
515
77
109
64
565
884
19
36
39
358
640
419
28
324
707
273
625
218
242
18
257
81
146
5
28
5
523
4
225
5
3
54
4
182
80
34
4
68
4
5
5
16
236
161
164
38
228
26
163
186
26
173
420
42
11
209
322
383
168
18
225
362
82
14
82
476
16
47
175
35
21
245
226
25
266
540
504
381
647
35
562
382
26
301
491
521
72
148
24
443
202
9
118
266
319
228
213
9
9
57
523
63
12
17
42
300
49
320
256
198
225
4
4
98
105
12
188
365
188
24
30
245
5
35
13
564
603
207
50
23
402
364
650
33
17
511
279
344
47
20
438
33
641
376
376
22
32
6
106
11
35
217
62
297
661
6
139
10
252
113
52
17
107
208
17
9
103
144
224
92
5
16
79
103
34
79
136
11
338
19
48
314
316
207
595
35
578
325
519
140
365
204
340
312
413
154
38
47
50
48
26
270
164
170
21
328
241
253
232
12
103
371
5
5
56
16
321
77
4
149
3
12
3
19
5
27
3
18
183
57
32
207
15
199
169
30
237
206
25
202
29
238
34
30
162
141
179
263
51
83
56
127
289
10
31
202
64
21
31
36
77
544
38
225
55
77
97
408
371
714
56
211
12
23
17
21
28
299
102
180
443
797
43
191
110
7
63
116
18
126
99
266
50
49
527
117
321
34
4
10
482
180
37
190
15
63
40
228
81
52
502
38
42
508
301
81
397
12
193
138
386
47
20
138
409
21
42
34
498
17
23
139
10
281
697
9
93
301
17
119
778
578
5
4
4
4
5
5
25
53
4
84
5
294
4
159
85
15
32
15
179
229
59
258
277
9
353
385
209
12
6
18
17
177
430
15
11
6
9
94
71
39
59
98
2
61
106
56
8
11
8
87
245
257
90
264
181
120
13
14
86
12
97
32
212
180
65
32
369
19
46
35
49
2
5
340
4
338
279
346
628
5
5
7
5
5
4
210
53
56
4
67
5
65
75
9
9
160
8
56
21
63
227
313
118
97
96
124
11
151
36
11
236
60
25
252
230
149
488
367
31
513
424
99
41
63
35
616
413
437
619
300
441
97
267
2
656
4
14
103
91
47
3
55
3
256
219
179
188
210
14
119
461
45
114
150
92
65
12
304
432
692
326
84
121
399
3
4
9
8
194
62
4
14
24
226
5
6
53
6
8
7
289
57
125
4
101
20
101
123
224
86
39
271
49
142
210
148
276
3
36
413
14
313
512
309
416
221
442
70
423
79
4
18
17
25
6
122
178
46
32
272
187
217
227
59
21
102
191
83
268
85
213
3
2
85
80
6
120
261
15
369
4
116
58
80
3
5
13
6
192
147
51
6
4
4
65
30
109
9
6
61
19
9
203
5
202
20
11
22
181
303
17
372
287
239
5
352
29
73
96
4
22
162
83
7
6
149
7
115
26
7
154
108
41
7
59
4
3
35
91
84
4
25
11
11
165
70
193
105
185
254
130
4
6
175
27
279
103
182
186
18
4
101
211
264
40
18
192
132
128
8
9
6
7
273
5
3
5
224
8
67
216
49
3
60
157
68
4
43
133
8
125
40
56
65
45
97
41
59
2
258
51
266
29
319
70
150
35
37
352
471
187
63
382
27
179
16
360
376
207
521
138
229
858
29
494
665
70
53
53
91
168
456
933
89
971
137
143
593
868
1007
993
47
258
24
889
784
638
461
739
752
29
358
168
357
2
300
321
466
13
12
268
101
299
135
177
14
556
55
31
141
178
274
23
6
718
19
37
837
532
71
215
214
32
445
296
451
230
22
154
462
316
42
76
43
41
384
273
72
516
264
16
152
3
146
96
3
251
73
4
89
101
60
141
14
37
9
15
104
20
126
100
8
147
281
15
96
8
23
18
9
314
321
87
275
193
4
168
382
146
49
5
44
1
90
4
105
175
87
5
5
2
40
8
170
2
15
231
313
17
135
21
211
232
7
5
232
218
7
12
28
30
5
69
328
496
497
417
428
3
146
243
13
5
135
17
239
456
55
110
28
4
4
20
6
12
46
195
212
55
31
2
418
283
14
139
166
191
203
292
43
394
18
116
8
460
12
591
155
74
125
6
2
63
3
5
312
60
14
51
76
11
10
33
154
267
166
237
412
64
210
79
47
46
57
152
6
53
63
4
4
6
26
5
124
7
19
25
201
15
27
273
38
308
75
5
6
234
4
3
4
104
149
10
133
235
116
74
3
5
209
4
12
15
147
3
125
11
18
135
10
47
14
8
261
217
57
266
6
133
4
64
8
6
138
7
97
7
50
10
18
111
187
7
56
84
64
30
35
19
24
156
395
361
187
276
485
71
353
43
366
89
188
464
22
419
404
261
551
41
852
552
51
42
22
453
276
202
338
224
28
28
480
24
641
43
652
505
21
630
844
690
183
299
10
107
245
27
20
422
471
35
374
698
339
28
157
4
14
448
62
169
819
492
508
821
485
254
1476
229
15
405
628
738
332
330
286
163
285
756
362
102
14
19
56
18
265
170
52
27
32
138
336
122
141
45
549
67
282
244
307
456
17
623
565
27
476
293
687
141
40
242
424
161
26
17
619
534
30
12
722
45
12
37
198
885
11
7
136
150
169
376
332
3
4
105
26
6
76
5
33
6
85
10
95
154
158
27
329
156
99
64
211
314
4
91
6
24
87
193
2
218
107
184
4
4
6
63
31
5
60
7
4
9
10
103
2
6
67
196
148
181
14
48
333
14
50
300
381
15
336
276
140
223
248
104
636
48
28
66
18
384
319
298
66
557
11
32
15
4
21
21
437
71
283
770
223
28
756
56
40
452
789
576
8
341
12
215
683
218
292
3
59
55
151
7
8
19
21
185
219
45
61
7
64
12
337
233
6
250
2
6
6
241
4
15
92
3
4
39
5
11
85
13
208
61
38
248
7
102
150
147
148
180
3
6
25
34
208
25
174
11
14
20
5
172
354
166
197
4
143
157
3
7
69
13
155
140
63
99
156
15
68
143
177
68
236
41
7
255
181
265
638
202
42
38
62
185
151
76
255
39
487
16
6
86
5
13
311
84
565
4
5
138
17
3
71
4
92
7
25
56
189
284
67
102
84
285
390
28
41
352
15
302
62
465
428
51
23
649
758
644
26
855
43
430
929
35
911
3
165
486
621
135
968
25
718
388
883
250
734
483
26
505
18
495
282
342
400
151
8
20
188
52
575
92
88
327
28
164
829
214
38
188
246
11
427
321
10
19
324
1023
47
33
434
321
373
677
5
49
57
344
956
983
1082
2
1052
635
1129
723
1118
23
16
277
35
4
13
832
964
94
779
34
1551
521
10
8
885
575
665
669
535
17
482
54
30
320
905
299
11
12
12
293
77
1152
53
113
676
94
326
1084
14
10
314
702
432
458
382
1089
416
402
425
71
120
78
113
63
1526
1358
1722
1460
49
168
1760
100
129
1434
64
1960
1352
1021
116
570
652
856
2192
344
40
38
1420
205
1553
81
537
57
29
745
42
791
1363
105
1700
134
742
1649
58
1217
886
1486
1608
54
73
2176
1616
962
15
91
107
102
38
747
1225
1833
990
50
877
530
1062
960
1405
887
13
313
1868
3320
25
28
1456
1311
45
997
1511
544
484
1062
15
61
435
37
1769
2101
3213
78
376
9
33
368
12
15
375
16
26
15
1019
650
446
1138
1554
8
715
913
298
23
37
699
39
776
621
80
528
610
682
529
27
300
414
189
14
29
375
592
1792
389
23
1219
907
265
92
34
575
1051
1057
454
2
5
76
28
26
66
6
127
224
11
90
36
593
3
44
8
70
43
14
18
17
214
14
5
3
163
289
104
40
31
57
44
21
578
608
506
12
98
46
326
863
700
35
66
562
598
129
96
102
1070
23
54
659
434
45
34
1030
402
46
698
304
19
37
253
794
1064
25
913
1176
76
538
346
149
100
105
130
225
209
212
31
3
91
201
170
44
89
93
95
325
325
220
160
30
523
394
22
15
758
486
14
5
289
189
82
114
7
113
59
2
3
4
2
5
4
5
106
4
3
134
5
5
4
4
50
95
58
16
157
400
284
167
5
4
72
4
50
393
7
6
5
12
112
194
107
4
3
4
23
154
62
4
4
5
19
101
279
220
282
14
24
373
15
340
240
99
583
6
3
9
203
404
90
4
4
6
5
53
2
55
76
46
4
4
43
33
8
84
4
7
93
39
41
131
363
289
479
358
327
176
45
32
193
94
158
581
314
51
9
697
491
536
856
470
114
10
233
19
884
31
65
709
733
139
477
726
864
16
414
463
1238
810
47
425
872
918
325
798
643
411
241
144
81
441
7
123
3
194
5
92
47
8
89
16
51
45
235
244
27
98
127
180
263
55
4
93
4
78
5
191
31
5
6
40
126
62
90
7
14
134
218
6
5
4
4
4
4
4
4
7
11
149
170
214
266
28
21
33
134
220
2
38
196
186
257
28
18
25
18
257
130
6
174
15
17
315
15
382
20
22
19
247
152
30
13
366
453
299
340
29
8
103
28
94
194
13
7
14
367
169
225
15
48
7
111
230
11
8
5
5
175
46
44
18
14
231
59
465
11
251
9
28
84
15
4
60
192
69
93
370
112
25
20
425
248
432
599
3
6
328
343
32
413
370
12
6
36
19
175
33
148
463
214
5
924
219
509
3
16
8
175
233
181
2
5
5
112
79
71
61
97
5
3
35
4
5
21
39
48
56
22
283
225
212
16
326
17
90
324
192
7
10
25
29
31
100
332
23
6
3
410
153
93
5
5
21
16
15
65
106
183
193
110
84
95
27
51
100
341
11
184
203
335
291
187
257
48
257
97
297
181
32
367
17
626
23
112
85
336
279
464
29
28
571
520
88
284
551
4
155
34
11
21
20
7
167
17
20
175
215
194
5
21
3
16
68
271
84
7
2
110
330
22
16
89
8
17
329
39
85
40
421
302
242
15
283
350
467
593
63
475
685
74
23
419
513
327
56
723
904
28
20
308
208
260
29
587
253
465
684
509
35
77
5
5
204
8
7
4
4
4
26
81
44
5
6
176
11
53
4
4
4
178
13
54
5
73
6
3
16
213
188
4
57
47
4
7
74
5
2
8
56
4
4
5
24
10
4
62
4
272
193
5
5
5
5
10
134
66
5
74
154
2
75
3
3
1
36
161
4
3
26
75
72
6
3
56
18
2
15
187
4
16
50
14
225
15
319
260
251
216
339
142
19
8
11
213
185
105
28
5
42
13
125
195
20
50
6
12
315
362
43
478
36
67
171
14
101
54
19
291
377
4
105
11
5
65
174
113
11
8
9
9
257
348
12
192
244
25
139
33
14
262
256
189
215
159
53
184
54
199
171
26
24
20
240
59
137
12
288
303
382
234
28
36
581
7
253
660
18
45
36
49
218
57
461
396
246
171
10
21
350
684
13
360
5
10
18
213
165
322
152
18
145
40
46
28
124
209
78
336
18
31
237
86
65
137
17
1
3
17
170
9
123
87
80
4
4
38
42
11
34
9
33
185
191
165
312
156
215
390
256
181
284
297
128
93
113
211
6
33
8
212
111
128
105
56
242
3
4
4
29
24
117
190
66
99
54
3
7
3
93
110
155
86
58
4
4
5
5
6
4
244
14
234
207
97
4
178
7
7
52
105
20
4
4
4
4
12
3
5
6
19
109
5
5
74
43
7
117
2
9
15
8
26
289
116
15
336
5
20
173
92
7
63
5
6
77
5
129
12
6
44
5
13
75
113
186
4
9
9
6
11
34
35
244
27
10
78
172
6
262
4
11
4
14
54
219
206
176
138
44
60
181
65
5
5
2
6
101
214
5
15
159
167
33
4
163
102
253
127
184
3
34
11
5
169
204
30
36
31
188
232
247
75
317
40
195
70
16
6
253
356
4
4
110
47
85
102
325
2
2
61
113
4
2
4
4
5
3
131
197
8
13
164
286
8
34
154
128
65
182
217
10
84
499
11
33
327
479
37
335
343
309
9
39
53
792
25
58
59
51
22
98
182
766
486
926
303
14
46
158
840
693
917
242
238
267
39
122
307
137
641
122
2
34
3
4
104
4
4
3
4
3
4
58
4
61
47
2
3
7
57
38
174
42
87
284
18
34
153
36
18
487
438
20
12
30
548
411
443
90
2
35
17
152
106
49
403
452
26
307
214
322
4
41
392
822
53
5
75
13
151
15
6
7
14
9
278
256
101
441
7
29
147
314
319
166
145
106
210
8
236
208
4
21
11
112
8
127
255
5
227
155
3
110
5
100
42
298
120
9
340
8
62
242
6
5
3
33
30
95
295
231
95
158
37
45
66
16
149
138
143
18
29
434
247
17
543
83
91
18
396
25
18
416
521
70
75
746
563
409
14
82
545
11
499
970
47
797
388
1134
1077
619
331
17
1092
215
156
23
249
36
12
644
252
922
2
1212
5
1603
574
80
25
27
17
206
101
53
1315
9
515
482
17
1407
27
9
1502
259
770
539
455
929
146
14
9
363
363
63
16
556
577
466
17
381
298
12
191
208
34
327
24
594
19
38
4
23
1220
291
24
57
19
573
29
793
561
198
535
6
117
2
2
7
135
3
224
14
26
225
106
120
196
8
6
6
139
168
99
4
4
33
199
124
19
10
6
217
16
24
16
11
85
59
213
4
115
59
8
169
5
100
11
5
212
187
66
249
48
43
13
6
108
30
7
146
12
295
356
22
22
19
5
243
59
85
39
190
55
14
368
168
7
103
196
2
85
437
421
891
344
307
127
207
169
35
11
496
541
147
705
18
317
5
109
179
4
4
43
59
59
4
1
23
11
3
158
239
17
2
6
3
140
4
9
5
106
189
5
9
121
5
105
10
82
22
7
4
20
140
39
5
102
13
65
23
14
254
12
123
66
49
36
120
662
77
83
697
1
142
269
176
57
245
192
4
27
608
247
92
207
250
747
692
428
740
9
130
255
30
105
38
446
1303
49
462
623
219
250
33
43
74
43
446
10
20
443
33
504
80
54
76
344
557
1328
1063
22
88
77
83
81
61
1241
23
19
452
980
96
1369
412
1149
33
627
384
599
356
512
199
369
233
297
26
390
227
18
100
194
58
51
53
30
32
111
285
372
248
35
36
393
403
11
13
9
38
6
218
4
28
14
8
34
234
44
425
433
706
236
434
5
235
220
4
4
3
48
16
5
28
6
5
197
213
20
27
16
71
74
42
112
250
8
121
42
21
13
348
201
29
663
31
143
14
497
91
23
461
400
132
493
268
447
394
20
216
14
43
17
312
123
17
307
461
352
510
13
662
23
88
163
525
560
552
57
32
24
220
285
123
448
191
275
216
94
117
4
5
87
36
351
57
24
135
11
248
6
271
85
259
7
125
54
182
4
4
97
31
149
149
123
4
287
284
26
11
65
65
163
3
3
137
105
4
93
7
243
18
115
40
276
164
155
60
219
59
9
3
129
2
48
129
202
18
3
71
414
63
67
35
9
28
493
446
338
533
280
302
96
32
453
2
23
99
8
35
21
312
278
137
301
10
315
383
5
5
4
3
5
4
4
171
1
143
21
136
5
2
149
28
83
73
92
224
53
30
32
382
58
49
22
18
216
48
62
13
330
252
205
8
581
17
11
36
144
366
571
75
751
393
442
895
210
883
27
247
176
61
14
362
1414
69
297
29
590
685
412
32
7
21
1069
1395
43
21
31
42
325
78
13
30
410
710
104
30
719
503
1173
935
205
31
26
421
599
101
413
682
20
27
138
101
201
16
36
28
18
29
29
146
274
9
10
4
13
24
153
59
30
398
548
340
3
389
277
24
27
2
341
269
5
2
81
22
5
61
206
6
68
86
136
5
126
3
4
10
204
8
115
99
104
4
259
4
3
49
4
3
4
8
158
4
171
7
86
127
6
5
45
153
53
100
4
7
8
13
211
21
10
61
274
10
276
203
2
7
18
84
4
18
301
217
227
235
314
130
306
6
128
410
370
86
8
244
169
91
5
655
413
29
64
721
147
4
4
4
26
277
86
100
84
33
18
4
11
17
67
126
16
107
40
59
4
147
68
10
259
15
18
277
4
4
167
85
2
17
17
6
133
185
5
5
40
155
245
4
27
3
4
158
106
5
8
3
136
6
5
99
4
18
192
107
4
23
26
17
207
253
9
108
196
3
15
12
6
122
18
307
215
293
6
388
165
362
110
148
5
5
52
7
6
5
19
17
175
6
10
8
37
2
17
52
4
379
316
27
31
188
631
26
36
15
622
28
44
103
27
559
31
380
223
419
223
256
731
518
134
167
138
842
267
219
11
106
119
87
10
96
91
6
104
113
6
180
62
62
140
138
66
6
167
304
31
27
225
14
180
11
349
149
268
9
7
95
62
106
197
6
66
11
220
13
8
19
19
73
168
5
4
157
3
214
11
190
171
238
112
77
56
3
3
48
5
155
58
8
76
76
3
102
5
58
1
161
17
5
141
67
7
7
13
56
8
151
85
22
188
29
79
8
3
4
3
5
6
24
104
171
38
64
413
156
133
544
53
32
3
11
408
489
76
174
307
4
3
6
126
192
77
8
5
219
188
6
2
4
144
13
206
128
35
47
46
82
262
50
196
11
277
373
451
234
11
91
162
197
108
213
179
313
6
176
422
397
24
356
73
42
14
354
595
435
454
192
589
236
470
79
293
16
10
181
189
5
7
14
171
160
92
46
126
175
103
47
102
217
129
65
13
8
17
9
137
220
118
230
5
119
4
164
12
49
132
364
161
62
40
443
132
6
248
92
5
7
117
132
97
35
294
253
82
328
4
150
3
6
4
8
208
8
8
106
7
4
2
4
147
221
230
112
205
31
180
17
112
4
139
4
43
7
114
5
27
16
18
9
272
61
65
128
321
3
267
1
13
488
294
21
130
283
24
5
159
53
64
26
8
37
273
4
230
52
12
240
188
32
243
244
135
88
70
62
208
26
85
58
116
110
21
262
198
208
171
59
20
35
342
295
112
209
55
57
306
670
660
694
227
50
8
317
396
444
52
422
249
376
5
365
7
260
7
6
12
6
5
8
18
278
62
165
599
149
185
292
253
23
14
16
454
88
10
571
431
13
18
204
20
227
571
42
31
138
34
18
32
120
31
321
691
794
361
64
1143
33
60
83
1109
1147
1215
353
297
112
388
413
98
1323
104
60
6
8
31
1272
1327
387
86
179
356
15
1506
174
1421
494
478
562
524
960
42
414
344
511
340
72
16
29
995
177
770
701
10
269
54
23
257
857
168
19
6
287
324
302
70
236
146
44
18
17
9
205
157
350
480
87
14
175
299
260
294
242
15
504
277
17
513
360
110
3
206
126
3
234
106
67
3
5
44
212
24
115
23
36
80
258
206
97
104
49
4
53
97
5
4
1
4
41
14
174
53
2
85
143
255
6
266
12
31
108
21
119
27
343
256
418
253
86
808
38
31
54
494
12
407
270
273
23
417
457
54
4
791
3
34
51
228
370
271
95
411
498
215
41
84
127
343
3
4
51
180
41
13
98
184
10
178
142
273
26
77
8
96
86
5
59
105
34
221
28
265
321
134
15
28
400
13
102
56
39
550
12
6
499
273
202
119
7
3
470
17
15
77
35
25
23
21
314
269
16
10
133
18
2
279
364
10
46
52
57
388
244
10
327
370
20
196
133
84
65
68
352
8
10
368
253
38
150
35
68
125
30
212
537
573
582
18
80
501
538
195
521
177
202
4
3
69
4
18
129
63
25
24
337
350
8
350
7
270
25
237
60
363
8
197
4
62
8
9
5
196
6
14
96
171
149
63
166
48
214
25
95
208
201
138
4
5
159
5
4
4
73
7
62
109
3
65
150
5
6
7
40
43
117
9
3
8
16
10
154
129
61
200
118
9
19
159
22
61
104
569
214
29
419
523
7
367
564
421
437
383
169
7
135
110
17
14
312
233
13
97
4
236
4
97
494
4
84
65
5
202
1
4
4
4
32
21
13
95
73
128
227
100
8
16
86
105
12
5
57
185
53
49
15
319
16
189
174
4
27
300
139
72
515
260
17
240
9
328
305
246
1
127
191
5
29
6
170
78
40
39
160
177
176
9
203
10
148
349
18
24
165
352
219
164
19
236
123
82
358
53
759
29
28
616
525
7
217
284
222
741
82
420
5
51
8
6
47
143
63
92
6
118
23
45
32
70
8
91
25
51
4
34
2
8
17
51
18
26
198
13
99
261
162
19
23
22
78
98
77
235
260
301
405
439
216
88
21
317
8
117
267
183
205
4
4
2
2
49
8
53
52
59
7
4
125
194
168
230
3
3
4
84
6
142
13
55
7
9
113
8
4
12
222
111
3
69
217
225
291
230
3
3
6
62
9
223
6
8
6
118
3
41
44
100
7
56
174
80
123
70
6
5
61
5
57
8
6
6
41
171
4
233
4
27
7
357
5
64
130
67
61
3
40
70
5
79
17
86
163
63
54
82
261
15
199
110
11
343
467
314
208
33
276
4
182
459
199
10
47
38
147
136
9
20
170
65
66
38
118
87
398
84
53
10
12
356
191
21
775
17
680
23
121
28
819
121
847
19
36
20
684
857
474
653
4
547
323
4
6
55
412
24
4
10
289
5
4
149
5
19
21
305
4
143
308
9
3
204
144
123
2
104
42
10
370
16
424
419
50
21
247
16
18
142
41
15
35
81
2
557
12
778
3
6
1
19
379
58
51
12
445
798
502
291
6
48
49
494
332
160
434
229
59
51
29
12
96
247
328
497
356
266
375
60
66
9
207
484
618
318
927
12
3
230
139
179
50
91
109
171
4
135
106
15
210
70
78
27
121
237
117
20
19
7
194
182
3
5
77
2
5
298
29
5
3
91
4
119
4
92
2
49
37
138
3
6
208
6
7
139
6
5
137
5
237
73
122
405
222
220
320
60
18
25
26
10
32
289
327
70
460
350
213
6
511
267
541
108
615
474
313
40
21
49
812
29
607
922
33
306
889
902
379
33
253
59
964
441
6
71
2
356
836
7
38
108
232
199
43
48
338
329
29
62
18
25
301
283
169
24
248
24
46
53
76
49
398
38
459
465
549
602
432
191
5
373
179
188
30
46
203
32
66
376
327
462
18
368
42
51
82
548
158
11
586
580
558
414
80
120
26
489
653
635
245
612
498
271
393
579
820
94
306
111
455
4
5
3
4
4
9
149
64
11
99
75
179
3
4
41
4
16
110
4
16
121
119
4
154
219
177
99
5
154
101
40
9
119
24
42
24
287
295
22
3
75
63
17
128
142
241
74
505
13
827
308
504
14
179
41
6
314
730
10
16
36
65
460
463
371
51
602
248
498
381
1036
14
600
90
57
155
35
9
9
225
323
514
361
22
635
36
301
49
355
43
6
9
394
403
138
24
376
189
79
113
218
5
255
5
3
52
5
23
3
4
6
6
11
27
62
140
53
3
4
9
6
24
4
47
114
6
6
23
165
264
15
29
178
48
20
184
283
240
23
206
90
57
7
5
20
9
5
113
5
297
4
5
167
2
114
56
23
4
47
4
23
33
56
107
55
9
56
192
7
104
120
42
32
156
255
214
220
69
207
4
359
4
3
6
5
72
23
15
12
5
88
74
17
9
44
5
177
57
39
312
140
3
72
233
300
13
158
2
5
125
12
39
5
90
157
5
3
102
30
13
176
230
278
186
124
26
48
120
14
169
228
139
17
209
262
192
20
29
9
47
45
32
21
294
224
74
560
26
645
305
352
9
34
427
115
572
491
189
48
17
141
705
684
564
709
50
31
459
23
67
20
155
1056
737
15
15
1001
128
327
8
47
13
1040
138
45
715
8
298
72
57
185
90
82
128
130
168
1015
366
1906
832
1028
854
9
779
1202
314
647
759
888
928
2
14
1209
1029
799
43
271
76
141
73
150
100
1237
1400
948
70
1393
1102
1516
955
220
24
162
476
44
1403
475
2413
1530
24
731
10
1255
12
620
647
15
391
88
1054
528
48
13
7
130
228
18
5
256
27
11
55
4
7
9
5
91
235
201
5
42
4
4
5
15
131
4
3
32
32
106
14
267
327
91
271
301
20
17
4
314
273
14
95
98
381
206
379
164
262
12
455
613
547
23
226
8
26
7
119
418
8
80
207
37
17
611
613
230
9
719
110
337
4
4
7
15
268
120
48
91
6
61
235
123
104
130
46
433
66
414
287
43
279
212
3
83
400
266
103
4
627
3
506
96
72
86
42
779
711
149
274
5
385
350
522
436
975
9
70
440
339
72
6
23
226
42
5
17
110
74
13
26
288
289
278
189
113
4
225
113
303
151
111
29
42
7
110
320
337
289
109
9
83
79
88
5
6
149
7
23
202
74
111
92
2
5
67
23
9
144
213
115
6
5
50
100
5
4
12
156
5
17
6
89
51
20
10
70
122
14
254
265
5
4
5
107
5
4
4
3
54
81
31
5
25
96
19
12
4
92
171
12
87
4
9
7
14
6
309
94
7
492
15
337
9
25
8
123
4
260
223
31
25
17
6
129
9
33
44
309
17
32
258
3
131
165
226
8
139
5
88
4
3
4
2
4
85
75
97
16
309
49
121
22
255
120
59
168
294
300
363
152
44
19
151
67
149
519
645
201
52
6
628
141
241
560
778
64
20
274
527
22
31
46
42
1000
1025
525
1155
158
61
59
31
586
972
83
23
10
16
178
332
28
25
24
91
541
79
443
313
2
598
62
36
60
495
245
137
283
14
324
417
242
8
20
98
167
4
971
386
850
400
98
5
6
249
35
5
69
8
395
41
145
38
46
224
460
25
28
35
210
469
503
650
23
402
464
543
557
8
192
134
14
168
199
260
252
407
151
6
26
267
17
350
164
294
28
6
293
5
258
261
124
75
16
141
8
44
17
171
256
71
335
6
22
7
5
63
17
175
106
2
2
17
40
473
269
5
321
8
189
46
39
191
4
5
3
13
59
5
147
3
4
4
14
69
13
118
159
32
199
6
8
7
41
2
106
79
78
8
47
79
124
83
450
48
5
156
125
4
5
90
23
33
299
258
302
117
111
153
24
105
271
17
23
15
8
244
186
19
3
25
67
46
24
145
22
112
408
53
283
54
7
177
438
335
269
331
2
595
15
339
21
4
76
4
8
2
20
252
265
225
3
111
4
6
5
5
183
95
4
5
34
2
6
6
7
7
142
296
35
3
6
169
8
64
6
57
5
3
2
5
63
166
6
5
15
1
4
6
124
6
103
69
231
157
22
47
11
412
217
333
64
63
22
24
162
8
8
257
71
5
356
111
7
118
240
54
248
187
203
6
50
3
68
194
68
109
69
63
14
48
31
181
313
7
34
359
217
27
153
182
8
449
232
119
5
237
219
6
142
4
96
6
4
9
57
86
6
126
152
150
2
8
5
11
4
78
5
5
4
67
13
13
130
148
112
287
92
14
322
4
110
174
324
335
282
374
48
53
511
227
336
141
448
7
14
2
5
7
8
92
5
7
7
176
5
9
45
4
173
79
4
6
6
7
57
98
4
4
46
4
4
54
6
1
77
40
45
8
21
54
439
216
90
18
522
24
10
96
7
24
422
573
337
254
214
252
353
5
143
7
7
8
139
4
35
257
6
20
18
295
304
48
177
415
279
359
8
14
296
396
295
2
98
40
174
130
16
293
359
15
32
11
301
46
16
364
17
25
33
28
22
414
406
365
381
124
27
32
187
355
405
258
214
406
7
304
11
50
3
29
23
233
38
266
41
37
28
259
375
37
23
30
341
836
58
43
27
624
25
598
279
482
137
455
29
31
566
485
628
768
500
4
179
5
323
5
6
16
10
5
7
7
93
184
67
28
3
83
26
180
34
4
150
370
157
4
281
4
4
3
114
159
5
4
6
123
116
58
148
3
30
6
225
28
107
69
52
376
281
411
331
106
19
151
43
84
4
184
330
38
169
419
17
229
324
343
2
19
185
105
5
5
4
7
180
96
3
83
7
196
196
143
239
35
4
20
6
119
150
16
6
74
79
101
22
70
34
8
20
15
72
9
606
458
647
10
85
704
28
866
450
65
523
941
1195
483
345
705
943
119
593
47
1145
827
434
384
1103
589
286
929
424
306
86
1411
74
18
4
191
8
19
149
11
363
226
177
4
3
7
25
128
690
460
57
245
280
41
23
11
277
445
332
76
231
12
120
328
7
3
6
268
226
3
4
58
48
9
198
72
68
153
66
76
62
40
28
19
278
20
236
324
34
188
30
4
314
495
251
40
537
395
590
487
281
5
713
511
457
23
399
419
13
59
41
240
650
413
501
365
11
160
35
407
18
39
5
44
80
20
31
54
273
506
206
30
13
455
347
15
29
911
178
75
67
17
597
629
446
276
210
128
24
13
56
335
517
202
35
70
72
484
664
229
160
24
14
8
494
116
254
5
18
590
320
353
454
6
956
6
291
415
4
2
1001
10
308
84
6
72
41
106
4
54
166
18
143
75
7
11
19
47
21
54
15
362
52
35
340
42
61
41
203
535
440
172
17
454
540
471
251
291
271
177
295
275
133
219
34
5
3
4
220
7
4
186
162
4
2
3
4
12
249
74
25
9
41
364
10
104
277
506
175
493
13
574
386
752
56
14
31
44
469
46
267
842
21
288
183
490
527
473
8
16
87
94
6
49
69
5
38
20
182
92
6
8
62
86
152
105
178
158
38
133
4
2
135
100
5
11
151
6
7
103
14
262
256
110
54
5
5
5
188
16
3
4
4
9
8
6
10
19
273
15
30
379
44
50
274
33
452
438
22
22
451
332
90
233
54
36
14
170
51
167
286
13
62
24
336
322
167
12
21
20
22
62
385
517
6
428
47
337
13
637
11
116
573
439
6
6
4
15
17
20
30
38
202
19
145
389
3
4
3
4
5
105
5
143
17
108
10
5
218
22
96
24
11
21
114
199
324
28
180
507
226
228
173
230
12
536
50
213
551
9
62
28
795
10
9
225
150
85
7
283
44
11
280
14
182
132
116
250
93
127
5
4
7
5
10
205
121
123
50
15
363
421
7
22
3
337
312
24
374
168
544
20
12
511
10
43
37
11
563
40
56
839
842
136
9
1045
854
814
30
972
817
826
22
49
33
972
599
1251
11
231
921
1063
11
1155
235
750
734
38
37
987
14
1479
1224
670
38
1329
53
66
12
84
774
33
26
29
1243
36
644
67
1489
1109
6
7
123
674
61
828
560
594
975
180
30
6
49
86
62
608
1118
11
41
7
10
246
749
353
587
59
922
527
30
131
3
82
630
621
592
18
10
259
17
780
594
214
244
10
21
12
497
539
14
220
11
296
339
619
14
18
18
485
23
308
566
189
79
6
755
122
30
5
3
3
4
9
7
287
7
250
16
105
12
18
213
313
73
117
9
8
226
5
4
27
67
98
138
7
12
30
60
230
310
77
87
292
34
52
46
43
29
33
39
332
18
38
290
415
182
494
243
514
777
21
756
584
313
677
962
237
17
1012
349
430
806
129
576
7
19
686
53
194
742
5
92
626
17
28
59
20
187
19
141
173
45
21
25
429
450
451
20
482
509
380
5
106
256
4
43
54
182
34
3
4
25
4
86
1
88
143
4
28
33
90
66
4
5
68
5
21
34
225
90
131
73
17
39
4
147
6
33
16
21
22
191
86
185
67
4
28
4
26
57
4
100
81
4
3
4
6
13
8
80
141
4
64
11
3
43
51
3
3
5
4
18
108
4
5
4
8
117
66
5
228
108
221
284
320
48
71
11
207
167
9
145
110
157
50
4
102
4
4
7
8
419
126
6
195
2
27
3
5
24
4
4
7
31
25
12
152
23
252
113
318
4
171
227
111
76
3
12
12
19
134
13
32
30
314
10
103
316
4
4
2
4
4
160
5
6
6
16
24
48
3
2
7
83
152
20
15
12
123
19
24
19
20
199
2
239
56
4
235
144
163
60
32
148
14
221
60
163
216
265
251
619
688
400
48
70
45
608
61
603
689
415
781
637
49
615
53
37
21
372
389
293
560
26
3
412
488
518
43
56
55
278
366
4
344
171
10
17
20
8
364
58
95
165
108
77
36
729
30
28
850
920
463
283
421
1041
50
65
1145
939
25
785
7
211
599
807
150
1199
212
256
14
21
44
253
49
407
23
31
384
195
263
19
13
111
247
59
32
220
273
553
365
36
19
422
114
28
31
64
352
392
166
192
297
22
6
24
36
153
85
273
271
167
351
358
67
217
291
75
214
118
220
152
285
397
19
21
17
7
91
93
384
40
222
3
2
4
2
3
2
5
4
3
143
4
5
27
54
108
11
138
375
22
252
349
17
36
36
25
66
25
10
435
267
494
513
200
318
141
5
3
4
4
3
4
4
15
7
12
58
4
4
8
225
71
91
3
4
4
15
95
24
101
211
131
3
6
13
45
41
17
268
7
50
130
40
26
212
275
204
6
3
56
443
5
62
29
64
215
60
59
120
180
5
4
82
50
38
44
41
9
124
281
241
28
97
219
11
154
249
182
8
8
155
190
158
32
33
9
87
188
213
28
23
9
169
4
5
467
5
195
6
80
79
5
3
6
77
60
44
19
159
219
25
2
56
19
196
340
313
13
208
425
6
123
73
57
94
4
2
36
4
9
43
8
62
88
15
17
333
283
54
31
7
27
256
390
408
349
8
32
50
46
25
70
13
13
546
30
142
381
460
7
26
369
402
80
54
35
26
87
55
4
189
63
29
618
450
629
2
735
1105
643
75
68
936
537
98
294
5
398
588
1418
616
61
1464
47
19
86
630
632
302
1181
73
48
378
54
37
15
4
1813
536
1361
389
428
35
21
890
607
153
22
14
197
34
62
137
100
79
57
20
508
9
883
60
13
433
32
674
870
1165
1382
122
1479
46
953
9
34
1184
996
8
18
102
12
13
134
32
713
19
1091
1221
63
55
31
58
301
13
865
883
499
374
10
276
1357
1600
1037
926
1338
765
1128
258
2954
892
183
855
76
194
1979
1373
253
1493
3
389
304
523
51
2
4
18
9
62
216
2
4
40
142
117
69
285
9
4
263
7
305
7
25
28
8
10
13
361
235
63
122
43
4
2
17
4
4
18
27
8
20
239
87
13
248
175
222
33
108
148
5
71
123
135
223
4
4
28
10
6
35
73
12
9
317
266
11
389
6
418
6
21
373
8
553
26
155
147
220
524
4
81
1
4
46
19
5
24
266
41
57
20
325
269
23
6
491
93
82
65
460
252
278
33
53
17
16
316
745
13
51
805
230
703
416
222
8
354
239
362
33
56
13
7
1220
2
1202
536
24
52
172
342
370
28
209
1179
410
62
6
372
7
95
42
268
26
115
102
57
53
232
11
268
118
2
205
425
15
16
6
170
181
229
5
5
2
5
4
354
4
21
7
122
71
8
35
187
65
6
20
201
103
190
124
7
6
204
5
49
78
219
85
77
218
123
1
85
139
233
166
12
2
31
219
210
78
41
44
32
48
18
8
38
15
25
20
521
189
147
473
501
820
295
170
80
154
52
729
4
4
13
10
34
94
114
9
274
195
21
410
362
12
61
127
127
51
6
231
20
10
21
7
242
333
250
3
10
131
6
435
5
4
323
6
3
71
152
103
9
268
16
30
30
12
177
161
74
292
6
7
23
46
9
312
187
16
378
14
9
84
252
31
30
18
77
16
87
10
26
438
74
468
371
36
62
8
903
348
4
421
45
133
607
734
191
14
35
595
339
6
14
463
66
38
86
323
7
393
120
61
55
158
445
5
36
34
943
519
256
105
11
22
21
22
79
331
171
276
359
42
467
16
19
4
194
75
360
58
4
16
19
201
118
109
110
18
646
675
285
281
262
417
527
96
576
165
22
145
17
46
560
500
155
396
388
464
53
177
109
978
25
393
431
45
87
75
4
5
60
21
98
18
88
191
88
141
8
4
8
122
73
101
253
7
212
201
262
5
134
32
17
232
136
16
241
27
18
309
40
337
172
188
325
171
4
4
8
65
30
14
18
98
99
29
297
238
5
277
302
5
37
5
55
157
35
32
75
285
5
9
175
5
20
108
52
52
324
174
7
247
259
151
28
380
339
4
220
5
55
9
377
177
70
6
76
81
70
144
47
74
63
22
172
8
14
250
20
352
283
350
248
56
220
50
99
2
103
5
4
85
5
6
58
106
7
6
10
8
254
6
37
38
5
105
106
24
47
1
19
23
54
19
279
22
204
46
20
309
105
179
54
52
398
95
457
416
344
52
247
428
39
753
33
23
620
382
385
607
357
532
650
97
5
3
560
6
6
3
5
164
41
49
4
3
170
36
45
189
164
18
367
22
464
14
92
535
348
143
42
225
8
674
393
417
816
705
749
52
60
27
612
20
337
21
919
183
166
210
422
1093
21
421
599
1244
338
213
33
117
904
116
648
68
44
97
587
833
493
523
216
306
518
350
9
6
38
507
265
27
253
11
6
150
21
303
247
333
58
7
248
107
161
8
38
5
302
2
3
18
112
62
5
4
5
6
60
14
7
5
15
6
128
163
5
11
249
34
33
49
114
145
51
342
71
51
60
28
347
224
187
190
386
44
11
42
149
19
83
495
740
248
507
435
268
16
338
8
127
34
224
65
38
112
281
209
350
31
278
495
39
10
61
517
379
293
285
535
220
19
275
338
31
35
294
134
44
5
3
6
4
20
9
97
46
19
45
211
285
17
446
540
29
538
198
503
375
410
54
26
51
54
946
627
999
582
86
528
546
135
17
802
11
7
270
174
746
215
15
489
98
58
9
11
1337
399
317
283
2
6
65
13
209
81
87
189
10
596
423
369
364
339
457
577
153
7
4
414
639
17
34
33
628
7
38
77
631
491
258
31
173
29
327
641
27
179
9
624
667
329
304
995
735
117
33
7
33
154
3
6
113
6
100
27
7
4
5
3
28
127
180
6
135
5
47
60
147
5
5
9
116
3
3
4
111
16
55
36
25
371
142
233
17
353
389
52
397
150
60
269
75
66
76
63
386
329
80
81
36
330
136
1191
1180
552
65
391
399
938
537
608
1117
48
879
684
681
24
53
1001
60
177
18
847
1224
35
308
1074
27
993
13
524
634
22
17
1006
621
576
21
265
9
13
402
805
797
39
51
48
10
1373
96
1396
848
48
88
527
1397
661
26
22
458
433
43
26
17
5
1093
724
229
610
40
18
151
818
67
264
489
50
558
39
1846
914
888
2261
39
534
767
224
19
20
49
83
579
924
850
19
36
228
1826
217
414
235
1130
211
211
306
135
15
164
23
156
159
288
26
304
2
178
26
405
110
112
408
330
254
9
10
430
4
360
385
3
61
4
58
106
11
196
25
281
16
6
260
182
120
7
235
4
173
3
56
36
15
79
95
26
111
234
212
257
409
10
265
261
63
140
277
448
24
570
449
312
35
18
501
241
99
139
112
961
179
48
51
617
39
455
12
35
970
552
44
116
669
294
1030
36
43
82
25
14
36
808
440
630
687
43
741
625
902
387
506
35
6
11
689
777
991
14
12
55
31
929
266
72
306
128
24
441
44
212
539
39
1468
1671
502
3
324
937
256
9
155
342
283
293
282
363
27
19
162
162
44
34
37
428
371
198
298
307
528
126
767
55
739
16
15
741
354
452
54
816
456
24
26
269
227
995
682
271
217
467
25
574
6
811
592
532
43
1191
43
34
847
1009
81
800
502
27
431
259
594
27
515
440
10
1002
4
201
5
5
151
5
81
4
5
4
49
3
35
3
38
3
144
134
188
230
3
92
4
6
118
16
3
210
7
36
105
44
191
5
151
214
5
4
158
121
121
89
8
8
6
4
251
5
38
79
33
14
16
22
212
7
134
4
159
237
104
52
79
273
211
9
73
5
3
16
250
7
29
22
280
295
2
100
165
175
3
7
19
30
12
373
342
7
426
5
227
229
3
38
115
22
77
8
236
159
41
92
65
5
4
139
4
4
70
59
22
38
42
346
11
22
23
329
15
327
164
159
230
21
15
246
27
34
254
166
55
348
357
13
238
3
17
14
102
40
29
537
32
446
37
18
258
32
570
514
187
6
75
500
42
14
5
46
35
26
140
376
8
238
480
61
17
334
46
59
9
7
216
28
11
525
32
398
955
1020
461
32
381
400
7
861
40
172
320
413
153
154
7
3
131
5
5
7
87
61
45
18
77
354
81
358
37
435
563
332
33
319
17
468
23
556
75
121
236
248
10
38
349
100
197
200
92
29
64
196
394
63
52
650
653
476
15
218
120
131
14
414
239
398
159
69
90
541
38
684
45
47
599
547
24
54
347
252
612
879
375
331
848
1226
632
584
743
276
23
199
205
236
20
517
6
98
272
130
155
53
32
109
80
17
11
251
257
275
300
104
41
33
97
319
5
745
6
51
19
206
107
224
11
5
53
63
8
343
383
291
13
276
22
312
16
32
229
14
3
157
52
84
10
69
4
8
42
169
9
5
65
15
173
42
39
36
283
209
262
138
5
11
18
283
316
300
582
45
31
15
11
21
2
96
34
44
140
98
235
299
182
13
2
56
35
12
40
549
51
450
574
346
328
21
42
20
107
9
67
4
5
169
287
264
550
64
204
68
25
488
705
271
174
658
15
38
26
28
17
34
25
31
45
16
13
27
16
730
19
596
316
918
39
43
56
175
526
1038
50
821
10
15
65
115
466
431
5
1003
9
831
23
38
423
453
66
64
420
3
893
513
82
1006
837
26
31
22
12
684
422
552
49
651
441
1165
1060
103
151
600
221
51
29
251
792
32
155
593
61
9
68
561
319
645
594
426
505
30
31
17
1221
13
45
49
9
8
20
701
613
284
8
670
7
348
306
9
114
192
12
4
9
24
31
16
3
19
6
242
160
179
66
5
5
16
9
6
66
55
47
107
161
134
16
115
44
170
48
209
112
33
276
257
276
62
33
130
202
29
8
289
6
366
54
143
461
231
83
42
361
354
6
155
24
162
180
12
75
4
240
297
243
5
3
4
5
6
17
192
17
5
10
102
3
17
36
15
224
416
16
392
15
261
171
352
275
121
686
14
110
11
475
16
612
273
97
207
95
21
52
70
17
14
276
43
378
296
255
329
9
78
59
358
332
549
96
16
12
163
113
412
126
6
116
573
85
235
18
27
22
223
15
219
106
211
351
21
864
442
242
73
106
48
70
44
325
189
411
34
16
271
540
519
19
36
345
26
25
30
62
452
541
12
590
27
69
92
65
47
52
807
354
318
78
88
765
491
58
642
176
2
113
357
119
29
15
19
749
788
593
32
776
711
26
1070
227
1117
54
29
13
516
763
20
9
661
614
20
1295
152
4
63
15
279
25
166
64
27
1299
72
27
307
28
22
25
26
201
22
62
597
13
23
37
24
838
48
6
649
1249
1232
27
1068
2585
911
40
805
27
44
1844
1023
26
1938
1657
21
8
41
127
116
362
118
27
872
14
6
11
8
168
1250
18
653
458
27
25
35
30
488
143
157
1205
1152
675
764
38
189
222
46
1118
115
2729
673
1173
1218
696
2414
315
1289
224
11
1604
493
28
16
357
17
656
34
824
161
339
28
486
1072
12
123
1517
236
10
573
429
499
44
28
37
25
634
873
58
66
16
19
40
327
458
344
256
1160
763
745
950
673
61
28
470
662
293
331
26
935
38
30
155
217
41
623
558
667
200
543
23
756
49
650
639
29
39
527
284
13
30
151
18
739
84
330
912
466
1195
836
41
1026
51
606
44
1081
53
699
101
34
29
20
36
35
1049
922
607
1133
209
825
26
11
14
111
407
39
40
401
5
105
36
85
318
272
29
30
26
190
323
26
438
108
362
307
351
208
342
78
168
43
104
128
25
467
491
57
5
90
51
31
637
25
13
577
14
657
22
40
758
276
579
770
56
42
46
654
796
299
816
229
22
150
474
322
6
13
413
1137
315
384
348
43
32
28
12
436
782
42
201
411
45
29
52
495
43
30
16
18
629
397
68
813
25
388
868
408
205
88
15
194
34
238
287
35
532
32
1142
474
354
507
523
670
664
57
45
907
288
32
5
33
24
672
195
65
209
995
309
995
785
1232
230
282
120
28
26
1099
255
882
282
502
103
28
61
20
353
537
99
88
113
94
994
138
1127
575
154
76
1043
101
64
1110
33
1107
75
1019
1126
805
804
335
393
962
795
309
586
21
36
201
13
192
419
41
506
50
109
968
1087
270
304
4
41
52
46
5
9
274
22
187
178
47
102
409
511
65
6
278
349
40
287
532
196
195
754
288
691
626
8
876
423
418
749
26
432
36
45
1177
552
607
100
102
1123
636
17
126
6
544
58
35
154
22
22
945
1134
409
782
1192
404
33
15
396
51
729
930
1203
43
20
739
834
728
54
11
62
30
23
1272
188
897
47
115
9
13
9
1268
978
17
1905
314
16
121
834
16
1052
1275
13
17
19
99
654
668
16
618
16
16
270
67
992
1274
4
69
904
6
644
11
83
347
11
51
752
751
16
27
653
627
648
478
291
661
369
39
15
192
44
405
376
24
150
131
34
693
28
19
461
14
624
181
140
36
26
769
259
287
164
12
722
2
118
246
816
1202
76
4
2
152
25
216
41
34
213
34
4
53
3
136
94
4
15
14
8
285
160
244
86
16
18
3
445
21
28
18
447
336
16
40
7
41
22
212
29
442
282
77
68
72
83
83
788
37
85
710
140
673
68
864
538
252
318
446
592
8
1091
4
3
4
2
121
50
3
86
97
177
39
25
5
232
309
462
17
429
286
7
355
10
57
72
26
15
281
7
14
10
217
340
285
20
40
37
478
239
444
446
251
455
177
2
87
2
4
50
5
14
53
6
13
226
6
93
126
11
281
14
5
308
58
4
5
195
13
8
8
59
168
117
14
26
23
224
62
262
2
8
13
27
459
49
6
257
51
109
18
377
689
138
319
94
732
760
72
1074
29
477
457
45
989
45
459
170
156
34
83
511
1236
670
22
823
18
205
3
538
21
786
59
1436
7
2171
81
32
1254
1547
1203
20
14
1341
1934
1154
83
1741
1464
515
261
1449
1660
57
1270
694
141
111
29
1188
21
325
1688
1489
1273
99
453
591
680
458
842
36
709
745
751
900
796
976
73
618
444
1841
109
303
847
359
2
828
32
48
67
15
915
14
591
112
43
1637
1701
1723
2337
1171
50
1210
158
1215
1474
672
531
685
19
1158
19
30
44
1267
364
886
1121
49
607
485
703
619
792
889
86
49
482
47
41
489
10
486
608
20
330
512
1091
22
25
15
63
30
32
313
209
23
883
240
405
12
341
280
1012
80
959
46
926
716
831
58
12
18
22
415
501
18
252
252
724
924
1076
18
14
1451
732
63
1038
880
217
263
598
588
10
210
51
23
22
383
607
844
652
15
577
756
29
855
218
674
1123
1125
475
209
2
27
65
14
89
34
468
123
595
125
21
10
98
1141
638
522
751
1100
364
1367
121
2322
6
21
69
382
545
401
159
98
82
9
20
6
246
12
804
37
46
34
127
111
57
217
666
300
145
57
161
187
61
4
10
51
6
7
23
20
14
52
12
41
279
28
158
5
107
262
62
641
50
22
424
19
352
589
55
363
83
80
1037
58
79
824
25
12
49
536
22
173
1452
511
584
627
1141
669
978
24
1074
360
306
142
9
424
461
495
42
351
88
115
56
17
65
22
19
633
243
20
538
34
27
781
1418
1277
30
1350
905
773
586
58
48
2102
1581
904
494
964
2
28
666
31
43
10
718
827
45
51
1137
33
58
49
646
325
447
767
32
26
561
251
734
501
963
195
221
176
25
40
42
22
2049
811
889
772
53
796
785
1564
695
36
1537
45
40
2325
76
5
15
295
758
11
23
353
168
815
130
61
487
1189
1485
64
24
287
1037
1249
332
224
882
20
592
149
12
12
133
960
1235
739
49
1952
78
7
45
43
534
1168
1215
1276
1305
38
695
754
21
1612
1479
362
16
38
10
1725
991
1685
9
1215
11
94
496
23
26
59
38
57
86
28
102
1397
1114
1574
882
883
1458
1806
27
629
448
6
876
895
24
2
634
1257
23
636
52
1364
124
277
1654
63
546
97
26
434
158
9
578
541
2760
671
21
790
407
1196
54
4
863
68
87
1014
1272
363
66
2710
24
7
6
454
36
102
115
693
1022
673
30
34
142
82
1786
806
927
330
1502
1768
1943
1189
1010
70
1082
1683
34
989
1219
19
53
270
28
2014
1218
1587
1548
28
846
21
1195
88
2155
422
832
17
14
13
699
1520
12
21
755
848
492
349
1319
382
1687
157
932
22
7
14
41
36
1141
775
27
36
58
2831
2366
1851
28
552
536
532
357
35
174
122
73
28
38
33
138
566
485
30
412
425
633
11
526
34
24
334
481
42
402
26
30
28
555
31
628
561
948
289
19
36
48
312
632
326
453
555
312
641
588
496
416
276
142
178
26
269
162
248
49
33
51
38
12
115
466
372
47
230
96
435
426
381
333
193
61
68
30
38
15
260
193
126
13
7
100
417
13
267
26
105
29
100
630
50
185
216
80
313
210
51
25
114
30
16
60
53
299
20
20
51
21
31
26
281
626
285
221
91
52
317
80
169
17
42
515
554
789
54
64
816
875
26
546
620
17
922
1293
223
967
180
27
838
1100
7
26
132
707
665
507
34
11
209
1
249
38
288
1183
122
19
849
379
307
68
627
541
1841
658
321
330
415
618
806
840
558
1567
27
630
28
788
13
142
13
277
328
79
790
221
133
82
26
7
15
21
181
313
30
373
4
175
170
358
6
8
547
5
67
22
6
83
9
55
188
12
21
99
348
106
11
58
193
162
255
101
109
95
477
48
66
713
536
719
758
770
494
784
754
393
136
715
59
787
93
1001
1069
45
105
426
266
304
65
220
897
31
112
1159
21
755
897
498
850
378
386
278
688
782
1181
29
38
534
234
163
36
1044
537
27
100
315
11
698
35
144
25
599
391
2
44
16
374
21
180
16
292
355
503
443
454
21
18
45
30
674
6
377
43
228
196
303
175
69
15
549
276
770
382
13
414
37
13
25
498
362
9
569
481
325
19
45
387
502
360
28
13
369
41
343
296
912
22
21
166
795
758
67
200
108
50
742
907
16
342
10
22
4
463
565
32
11
16
806
237
1590
518
616
51
415
518
262
410
3
119
9
274
4
24
152
59
4
17
96
30
254
27
26
10
8
140
416
4
238
12
35
24
545
18
507
62
104
458
357
61
487
21
28
555
558
37
362
661
70
419
1123
62
32
273
259
55
659
520
696
57
686
376
355
21
80
327
409
342
26
28
613
20
744
20
883
505
33
16
732
764
12
483
29
226
821
31
519
473
262
973
282
724
42
31
268
805
104
424
476
529
372
403
17
9
628
286
616
3
249
36
26
20
1373
508
26
802
889
460
298
12
182
47
276
379
72
62
76
80
39
26
58
57
521
758
222
731
836
45
46
15
408
442
630
578
362
210
374
216
386
250
489
14
11
232
16
165
125
9
139
6
223
646
517
30
31
57
22
27
27
7
28
40
38
138
55
520
13
84
647
29
21
18
320
30
124
594
30
303
142
859
87
184
32
961
392
644
376
869
40
27
1306
881
1363
448
383
32
80
16
462
1389
700
6
40
749
21
412
27
392
835
513
26
153
106
37
514
9
15
640
313
1024
351
740
158
27
687
65
130
349
284
527
5
35
167
350
11
372
571
5
10
8
14
226
13
188
241
36
175
3
126
12
80
35
418
367
4
3
4
32
4
20
5
5
70
71
4
22
64
16
108
11
17
20
2
225
87
128
20
26
454
476
7
24
95
424
80
133
5
5
171
62
4
31
11
4
112
60
4
4
3
12
39
267
271
164
27
132
138
4
102
107
7
16
19
116
120
368
5
304
1
4
5
84
43
8
49
35
5
2
141
5
13
123
91
7
4
5
4
173
5
24
6
164
93
32
39
374
330
20
143
44
24
461
484
409
88
15
369
301
567
4
437
48
46
53
101
22
28
847
82
13
491
8
33
21
440
569
496
736
898
33
34
48
41
995
13
23
602
51
14
25
1642
656
51
7
75
147
64
767
80
537
46
1043
411
119
83
1061
1114
86
1958
137
1036
1006
1339
1162
507
1171
1175
235
418
456
27
613
807
299
69
641
56
508
686
766
570
376
14
377
405
13
547
227
10
5
281
25
227
4
197
4
9
49
14
131
162
11
49
255
5
138
187
209
47
275
33
15
326
325
180
8
306
325
410
70
298
315
7
13
38
230
23
5
294
18
237
84
271
287
17
17
4
4
4
4
47
10
22
16
10
208
228
220
319
81
72
33
44
9
11
246
53
515
35
26
37
474
29
387
9
132
31
55
347
9
365
30
23
39
12
101
535
266
14
67
23
37
708
90
74
540
633
25
150
808
1061
10
264
127
304
965
67
40
249
25
376
305
10
93
184
151
26
71
392
6
449
21
17
475
278
604
581
606
10
2
860
319
622
303
308
383
353
8
7
41
8
171
190
34
48
7
15
207
118
7
4
212
12
4
12
3
55
136
23
3
84
11
50
245
18
125
18
636
209
26
65
434
239
26
368
286
337
104
158
383
4
391
31
26
5
714
14
12
386
14
54
342
523
415
489
104
60
34
224
88
26
24
698
41
574
1
10
519
326
180
19
35
28
830
567
504
873
44
40
946
1033
36
25
898
794
8
8
1251
15
737
1637
57
739
819
52
285
292
43
37
10
595
227
1268
63
26
29
7
1147
98
87
47
20
54
87
1441
34
986
61
708
310
662
18
999
14
502
22
747
42
19
106
167
41
533
819
31
38
1071
1151
198
59
11
150
990
48
52
103
1667
67
1425
2162
1855
1449
1669
768
721
27
840
666
719
1616
376
3214
80
1112
2178
1712
2316
1863
393
29
13
980
699
1883
73
1821
1283
337
37
1384
86
77
1962
125
13
368
21
3025
418
21
28
20
701
173
244
854
2570
1348
16
449
452
34
9
890
62
46
875
895
14
123
6
377
1262
634
16
576
43
1586
54
1203
1255
455
47
41
620
691
1186
20
26
876
656
582
240
345
274
371
6
46
111
8
517
1094
612
48
14
319
262
90
200
41
339
182
5
339
360
29
38
2
468
67
208
14
601
381
271
86
197
16
435
470
5
641
3
29
39
11
432
841
1157
336
286
528
236
24
595
7
11
214
246
58
532
231
69
22
29
73
36
668
606
19
9
37
28
13
516
75
474
39
450
477
21
291
825
40
884
794
27
43
549
434
33
59
11
331
15
536
459
34
458
222
13
16
1042
35
34
125
280
471
359
24
37
8
203
35
32
286
45
93
11
66
129
454
439
172
244
724
253
325
543
8
18
23
32
25
30
38
198
16
1090
588
44
72
1201
773
813
77
896
37
80
782
962
26
473
900
1068
88
7
703
27
1349
792
944
55
651
530
613
186
444
1755
85
30
64
1779
795
758
40
1305
493
83
292
148
245
1430
216
105
224
17
329
929
322
100
1169
78
558
50
1215
13
138
127
128
117
13
58
1225
20
1312
111
932
1030
1594
1137
111
1660
576
12
396
1055
982
21
13
893
1055
8
2034
1454
1890
8
129
60
3261
13
31
22
510
17
781
962
1736
1212
1746
26
49
23
52
2188
3
24
18
62
187
84
14
28
1669
21
8
1830
1863
2235
19
883
2009
197
387
101
1617
7
2257
3
697
1721
20
10
2
2236
361
2283
195
536
279
12
19
17
16
3083
429
2
54
5
1537
33
1693
1603
2368
2974
462
1808
775
3656
1787
4014
912
1116
13
36
1288
1479
767
368
2086
29
2122
18
2530
2181
10
937
711
96
99
1901
296
449
366
408
556
78
354
47
86
22
30
2076
638
852
517
1979
5
14
20
25
12
29
512
1059
1418
1856
29
117
55
69
284
92
31
889
35
162
64
99
1059
1330
54
53
3116
2025
1533
1539
1696
2848
30
48
1019
19
897
435
1180
414
26
1464
103
1197
374
1045
17
32
10
610
861
692
11
858
47
1123
1059
1244
19
519
29
1014
63
1484
60
20
691
844
33
378
14
15
1071
13
1375
822
413
647
7
1954
1021
1559
101
259
405
70
17
142
968
601
465
48
1318
391
5
432
353
50
48
585
17
948
1098
928
225
47
161
220
29
24
26
13
56
98
60
739
537
15
513
701
518
48
619
489
653
237
683
207
124
7
240
43
256
22
94
231
22
36
19
263
9
19
6
14
301
137
148
106
4
10
15
430
182
118
4
39
25
24
101
130
147
274
17
274
295
249
21
13
12
201
201
8
41
10
94
206
3
30
93
9
107
247
294
17
18
25
339
301
34
470
372
102
417
147
535
43
55
61
562
693
43
728
47
431
262
137
61
9
371
26
21
33
294
306
4
613
510
73
536
642
4
12
473
296
585
28
28
346
111
14
15
252
325
153
30
4
232
8
137
23
304
231
251
29
19
260
19
409
19
51
19
31
13
408
18
671
487
24
782
198
94
74
88
582
409
72
938
842
761
935
556
92
36
51
84
56
530
827
620
16
764
491
1202
12
20
909
1159
34
665
264
29
169
1271
845
723
82
38
1105
1643
845
20
21
1446
1824
608
56
34
206
8
934
792
1650
455
30
21
35
15
1192
122
1742
58
1288
2
290
947
1084
2896
1334
506
35
54
115
333
40
1689
300
30
108
22
806
1876
548
1143
680
843
424
722
848
39
59
548
747
47
223
15
277
942
50
572
952
30
346
70
1208
34
36
302
1137
1261
733
52
57
57
30
1273
35
101
29
22
2172
27
1141
2517
1305
72
29
1241
25
853
23
24
25
29
32
817
1068
64
845
1049
1017
841
115
1388
28
273
32
70
618
462
27
6
438
242
1043
44
50
994
796
1213
379
1938
1662
252
18
276
225
219
43
16
32
9
19
33
18
9
238
189
329
308
128
8
16
13
33
23
58
67
27
8
259
15
34
51
10
23
168
68
33
402
323
225
14
15
8
344
104
428
20
253
7
78
159
163
227
214
5
6
23
89
101
52
6
5
7
15
208
185
5
20
16
14
141
11
266
251
26
231
5
6
195
63
120
6
9
6
115
4
157
4
193
4
7
16
16
11
19
9
34
9
200
115
4
7
161
6
2
41
35
124
200
55
54
33
212
128
123
12
462
5
49
119
23
348
12
169
311
4
4
170
5
4
21
81
94
272
125
28
6
22
236
144
10
96
47
8
21
343
118
148
22
16
288
7
4
6
277
10
45
51
72
12
73
9
23
212
227
24
10
340
85
24
161
61
71
372
665
13
19
380
357
33
55
200
30
26
308
498
64
40
688
46
402
463
240
29
504
46
85
656
18
193
180
22
393
87
347
3
177
126
5
4
5
4
2
15
9
33
10
126
37
67
190
221
11
11
28
245
264
141
15
247
471
34
164
410
18
681
163
403
6
409
9
165
207
484
48
76
36
15
17
31
281
51
177
195
48
277
686
921
47
348
617
585
627
11
10
157
627
490
54
11
196
237
13
222
20
245
189
354
16
75
134
325
146
216
476
426
4
17
167
7
219
40
42
8
209
79
162
182
61
41
20
93
245
150
4
6
6
5
9
128
159
100
9
13
30
314
171
349
340
8
3
4
85
137
222
23
44
26
7
19
12
149
199
202
185
75
94
70
8
4
5
112
132
244
168
59
322
277
34
16
388
208
370
463
436
49
546
29
638
53
50
21
27
184
227
634
28
29
458
554
686
18
401
310
23
13
158
6
177
80
4
3
4
52
180
90
71
152
5
7
8
6
113
223
118
7
5
11
72
10
32
134
213
97
3
30
6
11
35
180
191
20
17
196
210
295
106
6
4
8
13
21
18
16
191
196
31
9
64
4
97
134
6
21
113
8
41
265
19
29
6
145
46
48
319
17
73
182
268
11
119
52
4
7
66
139
60
4
8
36
6
4
4
41
97
259
255
30
10
223
7
121
89
112
354
208
12
5
131
83
3
186
6
244
69
178
5
176
217
5
72
307
130
117
15
5
149
3
8
30
250
89
5
25
5
5
182
11
28
13
30
31
203
36
266
7
163
160
40
57
39
16
359
436
334
217
273
9
375
8
6
4
7
184
5
25
9
194
147
37
48
172
109
85
102
39
29
250
58
264
132
15
92
133
52
500
52
458
420
77
121
30
70
552
57
212
688
410
61
65
701
98
399
98
98
663
418
379
326
330
273
5
298
489
6
146
8
20
17
15
190
71
19
24
232
67
178
96
348
181
91
106
44
94
334
18
578
404
808
21
32
317
438
130
49
29
834
702
907
529
963
591
831
19
566
52
941
19
24
467
9
404
1569
35
38
19
655
164
257
40
182
134
348
15
200
9
91
103
128
445
467
310
10
65
41
31
524
13
465
41
41
639
17
221
659
601
1427
1115
5
3
9
457
30
456
26
419
353
563
29
25
17
273
164
4
92
6
352
147
39
5
140
8
33
292
290
227
14
13
77
7
4
4
6
103
45
196
360
35
29
135
29
34
50
520
361
146
651
34
27
234
684
51
7
737
22
198
20
309
363
158
61
515
61
8
586
38
616
175
636
352
17
972
513
671
1429
665
41
58
25
19
17
667
32
207
16
19
19
226
10
570
13
8
719
481
1146
641
119
5
4
3
7
49
110
4
170
3
3
4
10
8
9
8
83
67
528
488
457
310
38
489
109
47
23
58
538
4
689
220
147
342
188
411
112
577
24
93
290
622
556
54
608
197
27
104
34
34
373
163
4
176
222
131
338
376
248
57
429
339
134
540
10
248
93
13
6
300
17
5
216
15
30
274
46
45
18
186
309
22
555
42
47
6
333
269
13
163
217
51
41
230
21
312
11
47
14
493
184
122
16
13
736
18
310
530
274
191
376
38
45
15
224
21
82
114
1
81
737
377
886
329
57
786
657
9
379
7
819
464
3
385
54
121
5
10
13
96
65
124
46
22
17
9
252
34
268
25
231
93
2
182
132
65
10
105
361
11
7
256
311
125
304
8
208
317
11
48
16
81
318
8
104
54
41
21
41
182
330
370
69
394
353
478
361
280
314
16
246
42
32
36
17
377
24
261
10
207
230
124
4
16
7
124
110
31
224
51
228
244
457
13
244
47
597
239
20
145
78
6
251
336
19
520
470
181
421
446
541
71
5
475
43
71
54
15
454
770
304
316
419
559
345
661
148
83
7
2
136
243
93
4
71
71
306
17
5
18
17
257
203
10
273
185
40
88
37
102
10
223
234
6
149
204
14
14
19
268
27
187
122
59
7
271
373
14
6
5
3
287
518
32
13
19
166
176
13
58
156
52
232
108
58
66
314
427
367
4
14
104
259
55
30
547
490
332
55
116
79
258
141
140
67
202
631
756
800
48
855
94
1106
849
1058
323
1222
1332
1258
21
1197
1163
891
431
1298
887
201
15
389
273
798
1304
20
55
370
179
34
49
41
1180
24
53
351
1168
446
1313
4
33
13
210
252
15
55
48
23
266
10
9
7
289
299
297
131
508
841
135
9
25
13
13
19
48
10
17
34
245
9
122
711
466
584
242
334
279
61
5
9
121
11
14
85
113
42
624
19
361
361
108
16
12
262
8
301
33
9
432
661
385
487
4
10
4
149
90
34
2
54
128
26
117
275
239
122
100
19
269
32
388
253
500
312
5
4
241
289
5
60
18
6
4
10
227
185
163
139
81
14
140
125
56
253
22
14
308
24
244
480
202
11
443
3
16
10
14
283
597
277
465
41
71
73
37
79
420
433
412
451
409
530
312
4
106
9
69
3
28
21
114
9
38
188
250
163
151
26
106
4
3
4
50
24
13
40
40
12
185
44
330
17
276
259
20
25
264
16
315
198
413
43
510
31
16
485
263
28
46
28
781
550
435
837
468
374
641
472
152
263
19
22
7
21
4
606
49
14
571
388
513
156
366
34
116
581
891
737
667
998
1462
676
896
862
875
856
1056
36
160
16
66
62
3
772
119
263
65
78
4
79
6
50
454
42
1432
490
18
896
772
690
35
424
135
1254
58
152
1059
341
640
878
624
1502
53
1330
64
17
1377
1316
23
32
268
63
43
140
105
206
1229
13
56
77
1514
1101
35
56
1387
697
2092
1977
1756
1354
1931
541
74
984
1272
1198
30
1070
318
2014
867
228
155
2340
478
21
22
695
1098
25
243
1101
25
30
25
1023
45
2933
1069
14
112
35
45
6
295
1317
505
2012
853
18
734
383
316
1731
148
2314
35
17
57
538
14
13
6
63
5
449
93
12
48
22
575
635
59
419
15
78
947
121
702
555
6
521
170
11
954
38
59
2
6
3
10
168
18
266
299
220
264
146
200
108
157
23
25
248
343
52
218
213
47
27
237
56
36
300
233
453
21
110
196
268
221
137
27
517
36
14
338
40
145
364
145
403
99
80
111
374
17
23
144
520
64
327
359
449
10
267
57
31
7
338
310
3
15
4
4
4
15
26
19
223
225
13
18
93
112
8
149
337
6
44
31
13
331
150
278
349
437
118
6
5
3
4
246
7
167
73
149
6
41
4
3
3
3
6
3
17
73
107
8
119
4
15
26
26
146
230
33
140
185
3
216
9
8
222
44
331
14
373
277
40
455
250
307
255
35
74
79
181
219
72
46
663
390
33
823
541
532
380
226
155
2
17
106
888
334
520
70
871
540
25
370
382
15
318
8
487
11
12
36
362
216
579
70
19
266
261
29
367
171
265
2
3
106
132
121
13
38
10
25
46
68
306
37
187
276
50
16
105
286
74
4
393
365
240
49
13
592
17
347
271
332
27
52
6
240
263
201
7
4
304
23
55
270
162
341
12
333
5
29
11
528
8
7
269
200
15
180
25
188
264
142
128
7
73
293
6
3
6
3
3
2
1
4
26
22
188
93
107
5
10
13
13
204
45
18
273
9
87
37
230
451
215
39
38
333
108
4
5
425
328
34
27
16
39
399
92
505
2
352
55
28
12
478
528
48
16
530
244
291
43
17
183
961
11
37
540
551
53
44
53
132
228
384
416
292
313
71
420
46
26
12
14
164
320
405
407
207
67
528
11
4
499
25
30
225
6
20
146
10
86
220
10
46
5
57
2
144
76
4
34
4
30
13
2
5
51
147
6
2
4
29
5
64
19
55
67
8
74
21
162
32
4
28
83
5
4
3
2
72
77
14
30
253
148
130
19
346
21
14
38
167
278
309
14
197
10
128
40
245
81
84
216
301
340
5
3
54
133
166
6
6
153
112
33
91
272
24
29
171
244
244
21
17
53
18
26
8
246
25
174
327
15
8
227
44
13
14
73
93
155
20
157
114
150
81
4
4
51
66
6
52
5
63
11
115
94
138
142
180
196
17
373
264
363
20
13
254
28
13
14
289
534
536
501
289
41
355
531
43
46
24
236
167
189
400
475
423
535
129
252
192
23
736
707
74
849
438
389
975
610
645
1567
490
344
333
362
16
40
195
584
271
319
27
489
540
21
34
4
177
153
251
106
29
18
17
23
215
119
62
6
86
130
24
4
48
4
23
2
7
145
8
9
167
76
120
131
9
153
134
7
5
11
143
219
4
99
46
5
5
5
4
7
80
23
2
2
24
32
4
105
26
221
6
7
201
137
6
125
7
226
20
8
142
236
25
407
314
35
55
54
7
36
440
462
13
15
581
350
10
157
319
16
5
4
13
105
142
210
13
111
104
5
177
2
26
23
13
12
11
208
182
41
49
250
86
245
60
5
96
30
35
3
9
70
5
171
4
7
2
215
130
7
41
36
32
45
45
8
217
194
214
195
354
471
4
6
15
7
29
33
50
275
22
327
208
50
31
295
294
118
3
4
4
48
191
74
2
45
5
232
9
63
43
14
6
150
31
33
58
396
9
269
402
10
19
22
160
734
25
299
75
21
237
245
25
330
13
14
17
17
26
27
56
1122
535
271
748
26
69
241
58
886
464
321
43
68
1132
540
27
12
21
598
31
36
318
333
41
3
1169
468
496
26
37
365
1003
174
595
24
300
234
452
27
172
638
16
1037
212
88
171
78
85
3
123
10
249
126
104
22
123
58
23
23
329
77
54
318
10
28
284
233
279
230
235
134
666
198
25
188
608
21
594
75
247
133
9
8
241
212
91
4
21
4
9
98
10
12
204
513
10
172
451
87
3
247
164
174
384
84
19
452
171
7
123
205
145
4
17
334
144
33
77
91
13
204
287
53
298
7
19
459
379
8
164
158
35
372
38
15
15
10
295
161
16
234
2
52
39
225
247
239
67
10
392
16
21
179
38
51
160
10
179
639
15
282
326
715
594
48
1211
595
68
698
1071
35
29
63
77
1018
528
570
82
1089
54
441
430
70
714
27
56
383
431
30
292
214
300
236
18
8
9
377
7
218
4
27
5
92
4
5
12
23
55
49
70
128
232
303
11
274
111
231
5
203
4
6
110
14
6
109
4
152
5
118
8
36
204
101
166
151
199
126
326
14
178
5
145
38
47
5
5
76
3
4
5
175
10
117
4
2
5
123
4
3
6
77
46
6
17
17
183
2
6
2
32
4
56
118
19
22
133
37
297
310
333
201
153
48
125
295
189
222
174
4
175
78
15
70
19
44
218
8
106
10
157
256
6
19
21
19
9
251
5
425
414
147
412
213
67
84
11
163
104
141
18
223
94
153
181
2
3
7
196
6
360
21
6
130
57
165
152
78
293
102
246
47
149
58
336
149
137
19
7
7
302
191
77
4
4
6
5
5
10
7
11
48
30
287
25
346
350
280
88
197
5
29
27
5
173
5
13
8
109
148
227
29
327
281
40
73
230
281
10
14
141
22
33
286
439
5
325
17
19
16
193
92
11
19
530
22
284
5
21
40
257
106
9
46
390
69
35
21
326
354
47
52
408
215
149
17
122
315
8
152
417
40
170
336
241
56
17
199
409
44
23
48
24
482
276
553
392
32
614
11
540
19
23
23
13
325
114
35
258
184
22
18
3
49
9
250
71
428
30
314
223
45
294
8
117
555
214
284
25
419
137
305
709
11
315
390
28
6
115
49
15
6
224
264
333
311
236
261
227
145
31
9
103
6
55
5
167
17
164
3
210
64
3
5
5
125
19
245
62
4
6
9
5
13
4
107
21
95
42
5
6
4
6
240
92
110
35
21
11
268
256
26
126
539
18
22
77
35
526
138
208
567
668
240
198
36
240
332
156
10
261
328
395
57
278
286
289
7
8
102
463
46
68
18
83
9
8
5
127
188
24
190
101
7
24
73
96
77
501
594
23
14
362
294
29
610
96
858
763
202
464
13
1
16
525
30
31
20
49
39
21
1019
978
1184
1500
664
1530
732
1452
1015
938
579
26
243
1043
484
917
12
16
13
16
4
14
351
153
38
15
270
207
218
78
566
282
6
5
165
4
116
4
50
3
2
45
8
8
169
5
112
1
12
7
164
154
8
9
3
90
7
36
206
226
329
301
34
3
44
12
139
234
48
353
63
259
69
9
187
8
11
159
137
54
67
242
149
474
19
517
366
41
349
380
12
177
5
143
100
4
15
18
17
310
62
4
5
6
5
202
3
49
119
54
19
12
16
33
24
403
266
679
65
18
17
26
29
468
27
642
18
16
92
392
490
9
362
695
72
25
20
138
57
174
386
27
23
82
25
69
1186
582
16
25
740
449
17
13
143
94
102
235
35
330
960
85
93
201
49
1037
1405
130
1148
760
708
1427
1242
998
247
22
38
1008
894
24
109
24
18
1509
991
29
858
848
1625
1281
26
1452
16
198
30
187
214
19
35
1144
851
1119
447
21
1533
80
251
14
156
324
1231
1464
105
29
19
1416
45
8
11
255
10
380
1496
1044
2878
2208
1370
196
227
17
13
3063
2399
2468
24
2778
2197
775
7
1614
86
1101
1583
2422
1342
1769
2583
1999
3025
60
20
1539
2186
1713
19
1922
1077
112
11
91
1689
2101
819
2
55
88
136
122
16
15
2514
2454
95
131
853
1174
714
1174
16
14
20
7
4507
29
2867
963
24
2275
1597
2502
1950
3192
43
1089
102
81
29
50
55
214
1810
75
1655
610
870
1030
8
3163
671
1647
2595
808
1730
18
29
5
23
16
1276
8
17
518
471
19
1470
399
963
922
1263
1180
22
1468
932
997
1355
613
1806
1050
2320
1018
109
689
4859
3243
3921
56
584
349
21
46
17
27
27
738
316
81
86
30
18
348
588
42
1335
553
568
969
261
269
159
95
60
6
311
310
182
435
9
244
179
140
332
138
13
6
2
5
18
121
145
13
295
201
56
70
44
37
597
120
13
20
562
494
60
76
24
16
6
65
43
941
911
1129
30
40
1096
309
988
13
48
1127
871
1212
1379
862
811
42
228
524
1477
70
2
34
275
30
70
894
935
1100
12
268
553
784
45
742
333
15
2445
2352
1488
37
14
584
2406
26
28
80
20
2291
638
1604
691
174
24
17
16
209
11
2007
1639
1394
1110
19
42
6
195
17
91
201
41
362
1247
47
48
52
224
65
112
53
293
42
38
918
33
1781
2623
974
1171
61
1426
48
14
824
1604
1258
5
114
72
75
1319
596
22
4
366
421
76
28
1601
1200
2
10
113
1481
73
17
787
811
832
1306
43
843
1828
49
11
85
268
1135
1432
1852
851
8
2133
53
1121
421
311
1031
21
2119
1048
3757
758
1344
2949
1633
19
2659
4213
2312
741
44
66
52
68
25
2214
1081
41
12
28
15
46
1233
93
52
7
47
57
1440
630
381
227
2091
37
35
2653
1209
19
1243
474
1320
2783
1096
1260
34
501
2216
2627
841
749
19
9
10
3333
48
659
1568
141
38
1656
1900
52
906
1367
1745
4398
960
1585
9
112
6
589
1779
175
38
282
1002
1034
665
694
1096
2939
1262
1126
7
38
29
1257
47
112
1073
27
67
559
38
6
1099
901
984
1085
197
98
1489
2205
7
1887
1761
887
1192
20
2
2202
1353
48
755
1027
48
21
497
101
1906
337
1506
31
40
55
604
11
55
1093
2217
877
1328
30
30
1070
41
828
4091
15
71
189
75
1629
1511
66
869
37
24
24
1057
51
33
1055
2059
1240
114
1359
2486
23
800
23
10
21
855
56
889
2048
711
903
4641
1294
1281
1815
1094
672
315
674
921
1060
2209
1997
50
22
2668
89
24
10
1479
1758
1512
2370
2859
2
798
351
86
717
605
344
813
177
59
7
1802
1694
885
3
10
926
346
387
39
32
24
30
29
144
729
1495
318
909
321
58
31
1212
101
1023
101
32
494
356
8
103
100
15
5
109
5
16
21
108
239
59
317
6
9
40
451
144
372
299
415
19
14
26
27
13
313
35
58
21
69
42
659
325
233
325
779
69
780
30
384
63
312
728
77
25
913
277
577
14
310
423
10
300
419
116
79
5
18
117
23
154
49
9
239
135
30
186
14
12
5
41
360
334
25
13
373
213
262
7
175
484
245
84
50
14
20
206
400
206
33
280
3
14
12
38
39
514
299
15
472
3
22
96
6
279
189
252
22
45
5
295
4
132
6
76
176
71
54
180
10
86
5
55
5
204
8
5
40
76
215
123
410
340
5
16
9
338
82
122
313
3
5
4
6
2
81
257
10
17
78
110
304
209
318
8
24
296
58
150
15
453
256
9
6
20
52
29
326
8
422
3
23
444
14
209
157
23
520
235
564
8
56
33
576
341
501
726
609
577
347
246
278
17
4
545
75
122
12
661
33
96
146
87
602
20
542
110
784
651
70
1048
36
923
1218
79
702
351
38
691
61
174
263
580
525
271
13
138
43
7
138
4
53
23
37
8
174
55
381
209
27
56
169
264
334
4
36
332
54
84
181
131
286
5
161
125
69
205
9
6
25
43
330
55
16
189
5
313
383
51
17
364
18
104
6
5
230
17
6
5
5
64
210
4
156
541
567
7
14
4
29
267
5
135
175
3
4
238
6
55
4
106
44
5
6
7
17
155
71
16
19
64
103
241
13
111
86
49
130
46
46
127
5
5
42
18
109
49
6
8
67
6
217
12
19
17
18
30
286
11
13
448
211
22
404
592
7
228
61
47
29
89
3
15
686
557
525
318
48
89
16
28
717
1091
971
189
706
322
493
5
242
5
12
31
49
36
247
79
376
267
11
388
376
10
4
248
59
26
297
9
241
107
269
75
137
115
9
89
11
103
32
7
10
215
253
360
15
14
46
15
325
34
59
97
21
41
36
420
128
45
486
53
296
16
23
623
220
501
431
405
495
355
488
5
6
165
196
6
79
124
5
70
90
12
123
19
123
62
30
30
397
430
385
462
65
348
248
478
15
557
302
109
164
484
18
34
124
474
33
15
168
552
164
340
29
540
43
648
200
488
589
659
158
276
10
35
388
707
552
111
12
1460
12
418
168
194
649
820
98
76
232
6
75
9
110
144
5
22
9
36
5
17
56
360
337
18
479
286
53
13
56
359
25
708
23
40
18
32
639
64
242
47
29
83
37
563
997
694
498
883
714
357
375
286
41
14
104
952
94
19
45
32
29
354
37
483
1247
19
36
386
802
715
675
15
44
665
509
12
413
22
2
554
18
504
45
301
659
30
1026
86
726
710
354
572
214
379
352
14
11
354
233
56
71
4
60
3
254
5
5
153
25
37
4
9
5
81
149
69
31
4
46
200
393
324
33
412
316
20
387
307
8
442
346
31
122
2
58
363
147
386
56
36
58
21
13
641
12
896
175
759
855
48
31
478
756
407
622
765
639
525
139
174
910
49
47
65
16
411
30
451
30
1055
3
725
26
551
662
39
700
1091
38
487
56
633
554
449
675
875
893
783
954
948
10
9
132
155
91
26
11
8
35
288
249
4
91
89
10
8
29
34
12
354
11
69
135
11
160
109
382
52
27
351
298
28
377
517
9
375
228
793
372
4
8
55
11
268
72
187
61
2
2
3
172
5
120
23
4
7
35
7
11
210
27
238
10
208
36
203
242
173
70
63
34
229
207
37
39
40
18
25
54
455
160
394
40
327
57
429
401
215
9
194
160
49
10
76
11
117
211
208
140
139
11
72
577
41
604
372
13
5
53
54
48
108
149
212
50
125
1
7
178
2
286
28
183
405
232
531
9
18
107
454
9
13
14
560
164
218
110
635
8
119
357
108
5
4
5
8
5
115
4
153
1
2
1
3
5
59
4
115
58
4
288
4
3
4
120
4
5
159
6
5
12
5
200
189
7
8
20
408
275
11
279
361
300
30
263
28
25
528
13
677
16
196
452
366
17
252
279
20
276
14
106
105
16
218
213
32
53
255
198
397
33
180
80
100
427
180
694
27
545
660
25
703
346
29
29
130
39
57
284
344
33
31
368
626
75
77
333
1071
277
814
237
49
206
746
561
354
310
20
15
30
277
2
667
16
293
34
29
26
162
665
591
9
444
396
60
67
27
28
696
661
121
1860
224
365
847
42
30
622
731
855
841
29
40
564
411
318
829
144
791
1006
1051
7
33
64
38
704
277
18
18
47
865
147
373
26
10
207
222
157
2001
380
2
56
194
281
84
65
1070
408
781
72
31
17
759
67
74
158
24
52
14
70
13
25
24
756
856
1018
1570
33
72
529
163
521
1776
45
60
256
19
570
879
559
51
29
1971
728
600
1201
500
183
606
380
326
304
418
32
8
6
309
24
421
83
512
406
24
98
216
266
32
240
349
36
59
639
99
26
416
494
769
219
361
160
576
12
288
636
23
7
54
25
118
22
26
46
46
2
43
36
473
42
102
78
35
738
328
377
1151
48
20
9
260
664
15
333
585
660
994
3
659
5
85
23
33
29
34
113
216
130
120
4
6
72
38
89
10
7
14
6
178
194
5
172
44
261
4
139
5
5
11
44
5
128
125
7
7
12
10
31
77
21
9
5
29
8
185
193
254
86
20
18
217
128
252
279
6
157
4
7
166
32
219
6
40
70
68
18
38
10
246
415
189
44
8
7
13
216
17
186
4
695
392
252
4
4
2
20
6
4
4
6
14
14
7
38
37
290
54
31
326
44
31
26
208
6
202
206
69
20
411
158
410
20
27
23
300
418
632
555
531
5
79
46
975
1091
61
393
935
1060
5
330
520
43
108
885
216
26
112
17
20
16
565
809
66
1003
969
946
16
1000
1033
1010
118
14
69
20
178
701
908
1256
995
384
828
516
147
33
46
670
12
25
21
515
1032
700
1548
2095
689
15
1501
51
113
52
1271
753
99
1282
31
527
276
838
510
395
8
844
155
14
32
534
9
760
479
649
302
286
314
252
935
366
5
5
32
2
6
40
59
6
23
8
310
157
14
118
284
224
53
7
63
11
133
89
22
4
4
9
8
9
132
26
21
42
106
113
237
197
147
6
9
19
25
162
14
20
146
218
12
361
312
235
37
10
343
293
199
8
11
193
15
4
25
26
351
104
335
194
225
29
19
16
118
124
50
7
200
38
41
30
26
455
394
414
73
46
20
12
224
13
263
20
11
389
236
108
11
284
556
7
26
5
14
7
17
12
221
270
68
40
9
269
131
15
10
297
303
92
447
249
567
290
387
278
510
251
33
29
14
1003
361
11
56
318
392
17
516
17
9
366
254
171
486
164
227
25
42
28
36
457
462
15
5
400
90
160
361
260
14
14
15
15
11
610
150
30
80
334
148
157
58
505
427
185
155
19
46
15
7
141
82
720
859
229
323
18
455
144
53
284
32
176
12
380
13
45
134
32
48
861
34
184
439
165
162
277
491
9
257
66
195
175
136
235
40
214
15
387
222
78
41
88
10
139
40
30
39
613
336
57
107
484
12
215
11
8
138
181
253
3
29
9
8
122
7
4
5
165
46
4
8
117
2
57
4
158
74
14
12
89
116
13
17
179
27
10
88
64
74
245
67
71
73
230
183
183
313
8
79
35
3
6
2
106
501
418
35
13
226
243
30
272
63
90
206
344
146
5
6
7
29
353
76
114
5
91
7
10
51
17
39
100
85
227
16
86
376
23
77
85
582
30
623
602
465
492
435
305
638
114
501
9
5
4
59
10
51
234
16
161
26
162
59
124
165
172
154
359
9
105
664
17
36
777
1
46
20
792
25
1023
826
93
25
1279
933
1281
39
630
125
115
1404
58
494
1494
70
1229
960
770
975
113
1627
1464
37
56
1588
1491
357
1775
1859
1846
1345
1662
573
293
356
1120
842
725
913
402
203
535
7
99
31
8
51
41
3
235
77
12
10
189
368
187
104
115
280
688
99
84
336
5
47
74
10
17
189
31
24
403
330
96
324
584
110
722
136
17
248
562
49
71
393
15
3
24
35
706
16
26
652
636
78
730
122
113
93
76
29
16
520
7
23
772
613
64
1266
1125
58
593
712
384
29
9
254
45
1129
538
1581
561
41
1235
49
56
1217
251
389
474
857
502
1295
25
747
610
89
242
274
892
19
584
251
294
147
92
423
83
38
30
146
343
27
10
48
137
15
183
62
131
337
420
344
12
43
191
526
348
37
69
658
17
6
266
19
629
260
308
417
17
95
215
8
166
155
34
68
34
100
244
221
45
11
396
408
6
31
40
464
453
38
34
234
22
529
350
423
46
387
537
354
32
465
61
64
502
20
39
22
344
317
295
178
124
174
215
16
6
34
89
80
223
235
10
346
126
17
11
42
74
114
84
78
75
83
432
458
440
1050
45
680
490
760
670
69
298
730
15
293
27
127
28
16
23
34
15
612
1219
854
472
10
608
1060
384
4
4
4
11
116
4
5
3
4
6
42
45
2
65
8
83
8
20
229
7
7
182
98
278
3
5
3
3
221
6
169
5
62
57
87
35
122
209
46
17
41
50
32
330
363
576
505
238
608
296
45
6
774
86
678
38
25
624
13
673
13
1014
397
31
307
11
26
621
743
26
31
422
8
29
860
338
217
536
918
27
122
8
6
5
905
92
108
555
14
241
204
92
322
528
38
29
787
788
1824
1613
645
7
206
648
67
6
1013
21
65
258
509
6
403
449
45
209
24
526
425
1416
358
23
211
13
606
45
63
12
13
617
72
17
41
395
706
11
25
55
26
62
606
523
462
1215
21
65
28
1036
21
2
398
624
257
39
40
16
15
22
2
108
850
764
44
10
813
105
419
478
57
77
248
717
10
7
16
28
10
289
67
307
41
1166
88
351
1175
1889
1008
1122
14
342
521
503
13
17
442
1912
19
1732
1407
847
1054
12
25
1128
13
34
59
26
22
235
202
49
165
11
691
802
775
686
1398
418
18
4
654
161
13
70
18
1065
30
846
1205
14
247
168
21
1786
321
218
50
924
261
8
27
30
335
6
208
259
343
38
69
160
221
4
4
13
5
27
138
27
106
309
16
154
264
104
2
3
11
17
44
37
4
263
135
314
27
24
95
170
57
25
5
5
6
97
189
12
16
209
139
19
49
39
279
15
9
267
139
200
14
33
25
16
370
105
351
216
147
109
76
4
4
3
85
103
4
144
5
8
108
174
108
96
62
73
56
84
5
6
6
138
89
4
133
5
104
8
14
17
43
169
16
131
395
203
403
191
8
42
265
470
403
208
85
867
585
419
639
510
711
76
60
28
1224
29
770
165
745
472
69
861
527
1293
1055
890
22
1381
1004
52
840
661
1023
44
70
36
353
119
957
354
1072
243
249
150
133
188
146
70
336
7
290
20
10
404
61
40
425
335
15
14
294
243
38
224
334
41
14
134
9
271
18
7
402
37
141
26
485
270
379
88
595
24
29
656
25
37
21
44
570
16
612
21
11
74
575
421
533
614
285
35
321
660
385
4
265
233
735
855
13
25
23
24
129
641
574
476
867
580
234
123
21
27
849
270
15
41
55
262
38
50
2
6
412
365
182
348
309
5
11
6
12
9
316
10
12
421
35
11
7
242
233
184
353
21
8
543
7
459
22
27
458
402
371
128
393
68
2
51
53
21
454
185
257
41
149
64
450
184
413
128
16
42
2
27
386
448
57
68
88
383
11
74
434
140
199
247
360
320
4
9
327
39
194
17
9
8
12
261
5
5
66
5
227
5
6
74
10
34
108
529
246
345
248
328
14
16
424
51
322
323
497
71
23
6
3
277
17
179
315
13
5
5
1
150
338
73
81
9
19
490
442
377
591
14
626
269
475
669
72
1169
46
22
56
7
93
12
677
737
94
915
929
325
72
11
585
178
420
25
34
24
28
1
2
34
121
154
27
42
316
58
20
736
58
489
19
402
592
93
371
569
25
43
37
681
260
16
7
11
73
255
149
110
418
18
419
109
92
107
86
97
31
352
14
223
994
208
16
239
641
26
589
62
636
34
228
60
91
27
47
998
208
179
1112
340
947
603
16
854
9
1183
59
904
917
18
1044
286
107
1136
1060
19
845
1367
1108
52
14
570
507
144
378
22
209
223
34
67
71
14
6
784
27
27
530
636
27
828
1620
53
1931
94
165
715
542
29
220
482
430
92
66
333
62
1328
523
10
91
92
200
132
511
447
257
698
300
637
251
212
35
208
216
322
359
68
54
479
260
682
30
232
596
54
50
24
574
133
35
51
48
19
8
482
471
96
241
1
34
7
6
101
401
7
10
559
453
487
151
20
8
239
259
985
5
28
290
290
415
2
27
10
259
5
168
6
4
4
3
3
5
5
82
11
70
7
1
137
20
83
7
6
149
351
6
20
29
290
11
189
136
70
6
137
5
269
6
4
37
157
16
148
8
64
4
207
7
173
134
6
100
68
2
5
5
70
6
6
110
52
60
18
41
134
64
6
247
10
7
16
65
47
222
5
73
6
160
151
197
167
29
27
23
338
342
29
171
372
29
18
149
11
225
60
31
327
32
247
24
13
363
337
254
602
69
388
112
565
502
437
15
28
945
412
501
23
14
20
148
149
537
28
159
478
42
43
181
349
201
604
92
6
129
205
52
4
8
79
103
4
99
28
7
5
56
34
57
5
18
147
197
237
6
141
26
215
5
54
7
206
16
158
267
162
243
9
22
11
63
6
268
227
3
9
7
277
5
3
3
5
26
1
145
4
4
55
173
14
10
41
126
10
199
18
307
322
6
6
5
22
193
41
56
26
15
20
44
32
396
51
236
5
603
33
337
49
803
414
493
629
61
641
729
237
719
20
101
947
685
62
318
560
383
360
333
25
609
41
1438
24
362
25
16
411
50
458
389
431
243
737
422
71
783
428
195
83
467
15
152
68
418
1506
761
219
37
21
507
16
713
295
321
5
712
24
6
3
348
84
3
4
218
3
29
162
2
5
4
6
3
4
5
3
22
1
8
5
7
16
104
24
40
56
218
35
12
214
313
561
63
19
26
194
677
710
542
727
814
15
17
21
692
555
46
53
73
337
992
714
19
9
11
1147
629
1166
169
846
16
17
482
668
671
2
108
8
2
77
411
635
120
19
1002
25
363
61
1783
726
10
15
821
55
65
899
50
420
1285
74
7
7
1603
124
38
302
118
2119
486
1515
22
1541
84
80
12
1824
276
60
11
28
8
1108
85
69
31
59
1747
172
1340
599
1057
538
62
991
1666
805
36
151
28
32
81
2953
674
39
1172
52
10
863
921
12
952
533
1948
1753
341
79
32
484
1577
14
549
730
27
102
819
1005
74
62
21
1871
1130
1130
1284
1007
1492
35
722
9
1439
1062
1382
50
594
149
1515
1216
932
29
12
342
573
536
441
48
844
822
687
21
43
20
536
15
22
390
21
202
393
1825
7
24
137
422
80
355
371
252
277
17
56
53
41
221
51
4
29
13
212
30
253
201
13
58
125
105
96
499
19
259
735
140
336
21
873
59
75
20
933
872
31
24
565
16
16
28
29
253
234
293
80
312
153
142
131
83
90
28
152
187
4
3
289
7
5
238
4
78
17
121
3
4
4
4
5
289
324
309
15
25
346
5
12
186
40
45
280
46
20
5
264
404
541
50
492
486
111
218
345
59
127
93
22
134
18
10
59
24
19
27
6
309
826
153
106
161
554
187
369
750
23
25
496
918
18
902
518
61
18
913
557
482
242
239
33
67
989
1051
223
172
313
296
18
24
414
1286
187
30
845
723
1995
980
29
1432
79
86
47
36
27
126
580
9
486
497
633
19
1078
22
811
12
577
520
411
355
38
536
63
20
27
162
582
207
178
715
5
72
25
15
64
1052
1151
75
2444
2129
823
1839
907
45
1194
28
50
34
43
54
143
3153
50
184
822
139
97
261
145
1163
563
2098
29
11
18
14
97
1564
1627
1808
436
739
644
3634
980
11
1098
1138
38
3452
84
55
110
23
9
8
916
983
307
27
673
479
17
106
523
827
1386
20
31
58
5
34
69
30
13
1152
56
738
32
479
856
674
649
1138
29
2972
51
41
1654
3269
323
361
35
1020
821
1542
53
1095
25
62
60
62
18
457
1213
1143
50
1164
1833
37
703
9
23
2407
3107
2633
827
440
1391
456
50
45
1860
2774
59
15
6
18
28
121
18
52
427
84
143
2
77
1005
240
16
966
82
208
61
788
3651
11
129
736
173
81
2401
28
683
76
2538
1752
74
37
1198
15
37
29
856
988
1458
64
69
175
74
1274
1418
858
1354
82
1306
115
59
72
2088
1063
855
1680
1923
3200
717
1275
48
25
5
1358
1934
42
48
36
2374
1093
1403
1274
638
910
2030
731
2475
2684
812
50
73
19
36
2962
2746
416
44
1084
2297
2571
985
8
471
727
293
13
59
44
605
508
3070
974
1027
625
1409
4
535
18
1349
906
14
138
2100
116
190
29
786
8
15
692
2014
939
1076
576
30
20
797
623
925
26
16
4495
1152
53
775
1140
243
638
64
21
16
821
1024
139
31
26
1168
172
459
346
21
66
645
655
614
776
142
2630
93
9
24
54
11
25
24
125
867
94
557
801
598
45
48
893
1245
57
798
43
1640
1376
855
276
888
19
1232
21
14
626
354
503
895
16
21
1382
744
43
48
10
1008
14
543
882
551
49
69
13
5
1666
1210
22
2502
3
3037
16
918
451
16
100
228
238
28
682
685
33
25
27
1214
1459
234
1462
199
22
1542
171
686
1650
54
808
1653
1437
120
505
882
1122
744
1030
82
3129
1508
296
1861
26
311
1043
42
904
891
284
787
449
1489
15
41
98
62
375
18
55
74
989
11
1187
23
333
47
15
20
703
933
455
22
78
602
27
512
622
1018
313
24
118
55
1034
16
1798
899
619
1259
116
47
38
68
44
394
1
395
1501
1497
646
61
17
21
630
400
6
652
744
689
58
52
128
639
670
1417
322
3061
133
519
460
434
2
329
72
2232
702
46
37
19
733
26
18
353
557
4
163
419
728
611
42
692
956
230
311
920
374
6
34
20
20
18
654
131
30
6
310
34
13
140
15
28
408
291
1032
185
550
794
203
193
3
16
9
21
22
10
173
222
96
34
40
41
331
65
71
362
416
498
7
221
658
579
215
2
8
9
297
18
443
266
3
255
5
121
53
11
8
12
224
169
5
5
132
37
72
81
15
26
117
361
54
44
248
270
107
174
21
24
52
11
382
684
343
574
624
25
12
13
151
319
70
158
117
95
84
48
74
341
55
7
539
18
517
502
437
797
123
10
23
13
2
7
21
171
455
90
236
8
17
379
4
6
6
189
4
3
4
35
107
122
4
78
3
6
104
95
71
18
168
3
173
62
6
5
38
5
15
321
40
25
23
225
223
108
4
146
159
14
264
9
6
5
30
9
78
206
244
5
17
21
99
226
131
130
155
55
69
17
293
17
18
63
43
510
563
14
365
523
676
169
62
91
639
479
159
687
7
454
124
15
60
562
17
7
705
491
809
533
362
1114
4
3
3
7
87
180
5
4
80
4
57
4
19
179
3
90
28
11
7
164
10
126
279
79
94
26
25
262
221
172
222
86
55
376
24
179
287
32
12
66
503
329
98
36
26
103
19
393
48
117
790
16
510
147
404
157
384
30
779
1076
164
774
107
39
43
65
273
907
815
124
167
6
76
150
18
973
146
760
24
437
780
965
56
27
346
1130
49
152
1349
1449
188
45
556
80
38
55
921
674
527
317
501
434
663
1492
684
216
150
463
9
20
244
24
20
7
242
23
38
34
